[0 0,0 0,0 0,0 0,0 1,0 1][0 0,0 0,0 0,0 0,0 1,0 1][1 0,1 0,0 1,0 1,0 0,0 1][1 1,1 1,0 1,0 1,0 1,0 0][1 1,1 1,0 1,0 1,0 1,0 0][1 0,1 0,0 1,0 1,0 0,0 1].txt
[0 0,0 0,0 0,0 0,0 1,0 1][0 0,0 0,0 0,0 0,0 1,0 1][1 1,1 1,0 1,0 1,0 0,0 1][1 1,1 1,0 1,0 1,0 0,0 1][1 0,1 0,0 1,0 1,0 1,0 0][1 0,1 0,0 1,0 1,0 1,0 0].txt
[0 0,0 0,0 0,0 0,0 1,0 1][0 0,0 0,0 0,0 0,0 1,0 1][1 1,1 1,0 1,0 1,0 0,0 1][1 1,1 1,0 1,0 1,0 1,0 0][1 1,1 1,0 1,0 1,0 1,0 0][1 1,1 1,0 1,0 1,0 0,0 1].txt
[0 0,0 0,0 0,0 0,0 1,0 1][0 0,0 1,1 0,1 0,0 0,0 0][0 1,0 0,0 0,0 0,1 0,1 0][0 1,0 0,0 0,0 0,1 0,1 0][0 0,0 1,1 0,1 0,0 0,0 0][0 0,0 0,0 1,0 1,0 0,0 0].txt
[0 0,0 0,0 0,0 0,1 0,1 0][0 0,0 0,1 0,1 0,0 0,0 0][1 0,1 0,0 0,0 0,0 0,0 0][1 0,1 0,0 0,0 0,0 0,0 0][0 0,0 0,1 0,1 0,0 0,0 0][0 0,0 0,0 0,0 0,1 0,1 0].txt
[0 0,0 0,0 0,0 1,0 0,0 0][0 0,0 0,0 1,0 0,0 0,0 0][0 0,0 1,0 0,0 0,0 0,0 0][0 1,0 0,0 0,0 0,0 0,0 0][0 0,0 0,0 0,0 0,1 0,1 0][0 0,0 0,0 0,0 0,1 0,1 0].txt
[0 0,0 0,0 0,0 1,0 1,0 0][0 0,0 0,0 0,0 1,0 1,0 0][1 1,1 1,0 1,0 0,0 0,0 0][1 1,1 1,0 1,0 0,0 0,0 0][0 1,0 1,0 0,0 0,0 0,0 0][0 0,0 0,0 0,0 0,0 0,0 0].txt
[0 0,0 0,0 0,0 1,1 0,1 0][0 0,0 0,0 1,0 0,1 0,1 0][0 1,0 1,0 0,0 0,0 0,0 0][0 1,0 1,0 0,0 0,0 0,0 0][0 0,0 0,0 1,0 0,1 0,1 0][0 0,0 0,0 0,0 1,1 0,1 0].txt
[0 0,0 0,0 0,0 1,1 0,1 0][0 0,0 1,0 1,0 0,0 0,0 0][0 1,0 0,0 0,0 0,1 0,1 0][0 1,0 0,0 0,0 0,1 0,1 0][0 0,0 1,0 1,0 0,0 0,0 0][0 0,0 0,0 0,0 1,1 0,1 0].txt
[0 0,0 0,0 1,0 0,0 0,0 1][0 0,0 0,0 1,0 0,0 0,0 1][1 1,1 1,0 1,0 1,0 1,0 0][1 1,1 1,0 1,0 1,0 1,0 0][0 1,0 1,0 0,0 0,0 0,0 0][0 0,0 0,0 0,0 0,0 0,0 0].txt
[0 0,0 0,0 1,0 1,0 0,0 0][0 0,0 1,0 0,0 0,1 0,1 0][0 1,0 0,0 0,0 0,1 0,1 0][0 1,0 0,0 0,0 0,1 0,1 0][0 0,0 1,0 0,0 0,1 0,1 0][0 0,0 0,0 1,0 1,0 0,0 0].txt
[0 0,0 0,0 1,0 1,0 0,0 0][0 1,0 1,0 0,0 0,0 0,0 0][1 0,1 0,1 0,1 0,0 0,0 0][1 0,1 0,1 0,1 0,0 0,0 0][0 1,0 1,0 1,0 1,0 0,0 0][0 1,0 1,0 1,0 1,0 0,0 0].txt
[0 0,0 0,0 1,0 1,0 0,0 0][0 1,0 1,0 0,0 1,1 0,1 0][0 1,0 1,0 1,0 0,1 0,1 0][0 1,0 1,0 1,0 0,1 0,1 0][0 1,0 1,0 0,0 1,1 0,1 0][0 0,0 0,0 1,0 1,0 0,0 0].txt
[0 0,0 0,0 1,0 1,0 0,0 0][1 0,1 0,0 1,0 1,0 0,0 1][1 0,1 0,0 1,0 1,0 0,0 1][0 1,0 1,1 0,1 0,0 1,0 0][0 1,0 1,1 0,1 0,0 1,0 0][0 1,0 1,0 0,0 0,0 0,0 0].txt
[0 0,0 0,0 1,0 1,0 0,0 0][1 1,1 1,0 0,0 0,0 0,0 1][1 1,1 1,0 0,0 0,0 0,0 1][0 1,0 1,0 0,0 0,0 0,0 0][0 0,0 0,1 1,1 1,0 1,0 0][0 0,0 0,1 1,1 1,0 1,0 0].txt
[0 0,0 0,0 1,0 1,0 0,0 0][1 1,1 1,0 1,0 1,0 0,0 1][1 1,1 1,0 1,0 1,0 0,0 1][0 1,0 1,1 1,1 1,0 1,0 0][0 1,0 1,1 1,1 1,0 1,0 0][0 1,0 1,0 0,0 0,0 0,0 0].txt
[0 0,0 0,0 1,0 1,0 1,0 1][0 0,0 0,0 1,0 1,0 1,0 1][0 1,0 1,0 0,0 1,1 0,1 0][0 1,0 1,0 1,0 0,1 0,1 0][0 1,0 1,0 1,0 0,1 0,1 0][0 1,0 1,0 0,0 1,1 0,1 0].txt
[0 0,0 0,0 1,1 0,1 0,0 0][0 0,0 0,0 1,1 0,1 0,0 0][0 1,0 1,0 0,0 0,0 0,0 0][0 1,0 1,0 0,0 0,0 0,0 0][0 0,0 0,0 0,0 1,0 1,0 0][0 0,0 0,0 0,0 0,0 0,0 0].txt
[0 0,0 0,0 1,1 0,1 0,0 0][0 0,0 0,0 1,1 0,1 0,0 0][0 1,0 1,0 0,0 1,0 1,0 0][0 1,0 1,0 0,0 0,0 0,0 0][0 0,0 0,0 0,0 0,0 0,0 0][0 0,0 0,0 0,0 0,0 0,0 0].txt
[0 0,0 0,1 0,1 0,0 0,0 1][0 0,0 0,1 0,1 0,0 0,0 1][1 1,1 1,0 1,0 1,0 1,0 0][1 1,1 1,0 1,0 1,0 1,0 0][0 1,0 1,0 1,0 1,0 0,0 0][0 0,0 0,0 0,0 0,0 0,0 0].txt
[0 0,0 0,1 0,1 0,1 0,1 0][1 0,1 0,0 0,0 0,1 0,1 0][1 0,1 0,0 0,0 0,1 0,1 0][0 1,0 1,0 0,0 0,0 0,0 0][0 0,0 0,1 0,1 0,1 0,1 0][0 0,0 0,0 1,0 1,0 0,0 0].txt
[0 0,0 0,1 0,1 0,1 0,1 0][1 0,1 0,0 0,0 0,1 0,1 0][1 0,1 0,1 0,1 0,0 0,0 0][1 0,1 0,1 0,1 0,0 0,0 0][1 0,1 0,0 0,0 0,1 0,1 0][0 0,0 0,1 0,1 0,1 0,1 0].txt
[0 0,0 0,1 1,1 1,0 0,0 1][0 0,0 0,1 1,1 1,0 0,0 1][1 1,1 1,0 0,0 0,0 1,0 0][1 1,1 1,0 0,0 0,0 1,0 0][0 1,0 1,0 0,0 0,0 0,0 0][0 0,0 0,0 1,0 1,0 0,0 0].txt
[0 0,0 0,1 1,1 1,0 1,0 0][0 0,0 0,1 1,1 1,0 1,0 0][1 1,1 1,1 0,1 0,0 0,0 0][1 1,1 1,1 0,1 0,0 0,0 0][1 0,1 0,0 0,0 0,0 1,0 0][1 0,1 0,0 0,0 0,0 1,0 0].txt
[0 0,0 0,1 1,1 1,1 0,1 0][0 0,0 0,1 1,1 1,1 0,1 0][1 1,1 1,0 0,0 0,1 1,1 1][1 1,1 1,0 0,0 0,1 1,1 1][0 1,0 1,0 1,0 1,0 0,0 0][0 0,0 0,0 0,0 0,0 0,0 0].txt
[0 0,0 0,1 1,1 1,1 0,1 0][1 1,1 1,0 0,0 0,1 0,1 0][1 1,1 1,0 0,0 0,1 0,1 0][0 1,0 1,0 0,0 0,0 1,0 1][0 0,0 0,1 1,1 1,1 0,1 0][0 0,0 0,0 1,0 1,0 1,0 1].txt
[0 0,0 0,1 1,1 1,1 1,1 1][0 0,0 0,1 1,1 1,1 1,1 1][1 1,1 1,0 0,0 0,1 0,1 0][1 1,1 1,0 0,0 0,1 0,1 0][0 1,0 1,0 1,0 1,0 0,0 0][0 0,0 0,0 0,0 0,0 0,0 0].txt
[0 0,0 1,0 0,0 0,0 0,0 0][0 1,0 0,0 0,0 0,0 0,0 0][0 0,0 0,0 0,0 0,1 0,1 0][0 0,0 0,1 0,1 0,0 0,0 0][0 0,0 0,1 0,1 0,0 0,0 0][0 0,0 0,0 0,0 0,1 0,1 0].txt
[0 0,0 1,0 0,0 0,1 0,1 0][0 1,0 0,1 0,1 0,0 0,0 0][0 1,0 0,1 0,1 0,0 0,0 0][0 0,0 1,0 0,0 0,1 0,1 0][0 0,0 0,0 1,0 1,0 0,0 0][0 0,0 0,0 0,0 0,0 1,0 1].txt
[0 0,0 1,0 0,0 0,1 0,1 0][0 1,0 0,1 0,1 0,0 0,0 0][0 1,0 0,1 0,1 0,0 0,0 0][0 0,0 1,0 0,0 0,1 0,1 0][0 0,0 0,1 0,1 0,1 0,1 0][0 0,0 0,1 0,1 0,1 0,1 0].txt
[0 0,0 1,0 0,0 1,0 1,0 1][0 1,0 0,0 1,0 0,0 1,0 1][1 1,1 1,1 0,1 0,0 0,0 0][1 1,1 1,1 0,1 0,0 0,0 0][0 1,0 1,0 1,0 1,0 0,0 0][0 1,0 1,0 1,0 1,0 0,0 0].txt
[0 0,0 1,0 1,0 0,0 0,0 0][0 0,0 1,0 1,0 0,0 0,0 0][0 1,0 0,0 0,1 0,1 0,0 0][0 1,0 0,0 0,1 0,1 0,0 0][0 0,0 0,0 0,0 1,0 1,0 0][0 0,0 0,0 0,0 0,0 0,0 0].txt
[0 0,0 1,0 1,0 1,0 1,0 0][0 0,0 1,0 1,0 0,0 0,0 0][0 1,0 0,0 0,1 0,1 0,0 0][0 1,0 0,0 0,1 0,1 0,0 0][0 0,0 0,0 0,0 0,0 0,0 0][0 0,0 0,0 0,0 0,0 0,0 0].txt
[0 0,0 1,0 1,0 1,1 0,1 0][0 0,0 1,0 1,0 1,1 0,1 0][0 1,0 0,0 0,0 1,0 1,0 1][0 1,0 1,0 1,0 0,1 0,1 0][0 1,0 1,0 1,0 0,1 0,1 0][0 1,0 0,0 0,0 1,0 1,0 1].txt
[0 0,0 1,0 1,0 1,1 0,1 0][0 0,0 1,0 1,0 1,1 0,1 0][0 1,0 0,0 1,0 1,1 0,1 0][0 1,0 1,0 0,0 0,0 1,0 1][0 1,0 1,0 0,0 0,0 1,0 1][0 1,0 0,0 1,0 1,1 0,1 0].txt
[0 0,0 1,0 1,0 1,1 0,1 0][0 1,0 0,0 0,0 1,0 0,0 0][0 1,0 1,0 1,0 0,1 0,1 0][0 1,0 1,0 1,0 0,1 0,1 0][0 1,0 0,0 0,0 1,0 0,0 0][0 0,0 1,0 1,0 1,1 0,1 0].txt
[0 0,0 1,0 1,0 1,1 0,1 0][0 1,0 0,0 1,0 1,1 0,1 0][0 1,0 1,0 0,0 0,0 0,0 0][0 1,0 1,0 0,0 0,0 0,0 0][0 1,0 0,0 1,0 1,1 0,1 0][0 0,0 1,0 1,0 1,1 0,1 0].txt
[0 0,0 1,0 1,0 1,1 0,1 0][0 1,0 0,1 0,1 0,0 1,0 1][0 1,0 0,1 0,1 0,0 0,0 0][0 0,0 1,0 0,0 0,1 0,1 0][0 0,0 0,0 0,0 0,0 0,0 0][0 0,0 0,0 0,0 0,0 0,0 0].txt
[0 0,0 1,1 0,1 0,0 0,0 0][0 0,0 1,1 0,1 0,0 0,0 0][0 1,0 0,1 0,1 0,0 0,0 0][0 1,0 0,1 0,1 0,0 0,0 0][0 0,0 0,0 0,0 0,0 0,0 0][0 0,0 0,0 0,0 0,0 0,0 0].txt
[0 0,0 1,1 0,1 0,0 0,0 0][1 0,1 0,0 0,0 1,0 0,0 0][1 0,1 0,0 1,0 0,0 0,0 0][0 1,0 0,1 0,1 0,0 0,0 0][0 0,0 0,0 0,0 0,0 0,0 0][0 0,0 0,0 0,0 0,0 0,0 0].txt
[0 0,0 1,1 1,1 1,0 0,0 0][1 1,1 1,0 0,0 1,0 0,0 0][1 1,1 1,0 1,0 0,0 0,0 0][0 1,0 0,1 1,1 1,0 0,0 0][0 0,0 0,0 0,0 0,0 0,0 0][0 0,0 0,0 0,0 0,0 0,0 0].txt
[0 1,0 0,0 0,0 1,0 0,0 0][0 1,0 0,0 0,0 1,0 0,0 0][0 1,0 1,0 1,0 0,1 0,1 0][0 1,0 1,0 1,0 0,1 0,1 0][0 0,0 0,0 0,0 0,0 1,0 1][0 0,0 0,0 0,0 0,0 0,0 0].txt
[0 1,0 0,0 0,1 0,1 0,0 0][0 1,0 0,0 0,1 0,1 0,0 0][0 0,1 0,1 0,1 0,1 0,0 0][0 0,1 0,1 0,1 0,1 0,0 0][0 0,0 1,0 1,0 0,0 0,0 0][0 0,0 0,0 0,0 0,0 0,0 0].txt
[0 1,0 0,0 0,1 0,1 0,0 0][0 1,1 0,1 0,0 0,0 0,0 0][0 1,1 0,1 0,0 0,0 0,0 0][0 1,0 0,0 0,1 0,1 0,0 0][0 0,0 1,0 1,0 1,0 1,0 0][0 0,0 0,0 0,0 0,0 0,0 0].txt
[0 1,0 0,0 1,0 1,1 0,1 0][0 1,0 0,0 1,0 1,1 0,1 0][0 1,0 1,0 0,0 0,0 0,0 0][0 1,0 1,0 0,0 0,0 0,0 0][0 0,0 0,0 0,0 0,0 1,0 1][0 0,0 0,0 0,0 0,0 0,0 0].txt
[0 1,0 0,0 1,0 1,1 0,1 0][0 1,0 0,0 1,0 1,1 0,1 0][0 1,0 1,0 0,0 0,0 1,0 1][0 1,0 1,0 0,0 0,0 0,0 0][0 0,0 0,0 0,0 0,0 0,0 0][0 0,0 0,0 0,0 0,0 0,0 0].txt
[0 1,0 1,0 0,0 0,0 0,0 0][0 0,0 0,0 1,0 1,0 0,0 0][1 1,1 1,1 0,1 0,0 0,0 0][1 1,1 1,1 0,1 0,0 0,0 0][0 1,0 1,0 1,0 1,0 0,0 0][0 1,0 1,0 1,0 1,0 0,0 0].txt
[0 1,0 1,0 0,0 0,0 0,0 0][0 1,0 1,0 0,0 0,0 0,0 0][0 0,0 0,0 0,0 1,1 0,1 0][0 0,0 0,1 0,1 0,0 0,0 1][0 0,0 0,1 0,1 0,0 1,0 0][0 0,0 0,0 1,0 0,1 0,1 0].txt
[0 1,0 1,0 0,0 0,0 0,0 0][0 1,0 1,0 0,0 0,0 0,0 0][0 0,0 0,1 0,1 0,1 0,1 0][0 0,0 0,1 0,1 0,1 0,1 0][0 0,0 0,0 0,0 0,0 1,0 1][0 0,0 0,0 1,0 1,0 0,0 0].txt
[0 1,0 1,0 0,0 0,0 0,0 0][0 1,0 1,0 0,0 0,0 0,0 0][0 0,0 0,1 0,1 0,1 0,1 0][0 0,0 0,1 0,1 0,1 0,1 0][0 0,0 0,1 0,1 0,1 0,1 0][0 0,0 0,1 0,1 0,1 0,1 0].txt
[0 1,0 1,0 0,0 0,0 0,0 0][0 1,0 1,0 0,0 0,0 0,0 0][0 0,0 1,1 0,1 0,0 0,0 0][0 1,0 0,1 0,1 0,0 0,0 0][0 1,0 0,1 0,1 0,0 0,0 0][0 0,0 1,1 0,1 0,0 0,0 0].txt
[0 1,0 1,0 0,0 0,0 0,0 0][0 1,0 1,0 0,0 0,0 0,0 0][0 1,0 0,1 0,1 0,0 0,0 0][0 1,0 0,1 0,1 0,0 0,0 0][0 0,0 0,0 1,0 1,0 0,0 0][0 0,0 0,0 0,0 0,0 0,0 0].txt
[0 1,0 1,0 0,0 0,0 1,0 1][0 0,0 0,0 0,0 1,1 0,1 0][1 1,1 1,0 1,0 0,0 0,0 0][1 1,1 1,0 1,0 0,0 0,0 0][0 0,0 0,0 0,0 1,1 0,1 0][0 0,0 0,0 0,0 0,0 0,0 0].txt
[0 1,0 1,0 0,0 0,0 1,0 1][0 1,0 1,0 1,0 1,0 0,0 0][0 0,0 0,1 0,1 0,1 0,1 0][0 0,0 0,1 0,1 0,1 0,1 0][0 0,0 0,0 0,0 0,0 0,0 0][0 0,0 0,0 0,0 0,0 0,0 0].txt
[0 1,0 1,0 0,0 1,0 1,0 0][0 0,0 0,0 0,0 1,0 1,0 0][1 0,1 0,0 1,0 0,0 0,0 0][1 0,1 0,0 1,0 0,0 0,0 0][0 1,0 1,0 0,0 0,0 0,0 0][0 1,0 1,0 0,0 0,0 0,0 0].txt
[0 1,0 1,0 0,0 1,0 1,0 0][0 0,0 0,0 0,0 1,0 1,0 0][1 1,1 1,0 1,0 0,0 0,0 0][1 1,1 1,0 1,0 0,0 0,0 0][0 0,0 0,0 0,0 0,0 0,0 0][0 0,0 0,0 0,0 0,0 0,0 0].txt
[0 1,0 1,0 0,0 1,0 1,0 0][0 0,0 0,0 0,0 1,0 1,0 0][1 1,1 1,0 1,0 0,0 0,0 0][1 1,1 1,0 1,0 0,0 0,0 0][0 1,0 1,0 0,0 0,0 0,0 0][0 1,0 1,0 0,0 0,0 0,0 0].txt
[0 1,0 1,0 0,0 1,0 1,0 0][0 1,0 1,0 0,0 1,0 1,0 0][1 0,1 0,0 1,0 0,0 0,0 0][1 0,1 0,0 1,0 0,0 0,0 0][0 1,0 1,0 0,0 0,0 0,0 0][0 0,0 0,0 0,0 0,0 0,0 0].txt
[0 1,0 1,0 0,0 1,0 1,0 0][0 1,0 1,0 0,0 1,0 1,0 0][1 1,1 1,0 1,0 0,0 0,0 0][1 1,1 1,0 1,0 0,0 0,0 0][0 1,0 1,0 0,0 0,0 0,0 0][0 0,0 0,0 0,0 0,0 0,0 0].txt
[0 1,0 1,0 0,0 1,1 0,1 0][0 0,0 0,0 0,0 1,1 0,1 0][1 1,1 1,0 1,0 0,0 1,0 1][1 1,1 1,0 1,0 0,0 0,0 0][0 1,0 1,0 0,0 0,0 0,0 0][0 1,0 1,0 0,0 0,0 0,0 0].txt
[0 1,0 1,0 0,0 1,1 0,1 0][0 1,0 1,0 0,0 1,1 0,1 0][0 1,0 1,0 1,0 0,1 0,1 0][0 1,0 1,0 1,0 0,1 0,1 0][0 0,0 0,0 0,0 0,0 0,0 0][0 0,0 0,0 0,0 0,0 0,0 0].txt
[0 1,0 1,0 0,0 1,1 0,1 0][0 1,0 1,0 1,0 0,1 0,1 0][0 1,0 1,1 0,1 0,0 0,0 1][0 1,0 1,1 0,1 0,0 1,0 0][0 0,0 0,0 0,0 0,0 0,0 0][0 0,0 0,0 0,0 0,0 0,0 0].txt
[0 1,0 1,0 0,0 1,1 0,1 0][1 0,1 0,0 1,0 0,0 0,0 0][1 0,1 0,0 1,0 0,0 0,0 0][0 1,0 1,0 0,0 1,1 0,1 0][0 1,0 1,0 0,0 0,0 0,0 0][0 0,0 0,0 0,0 0,0 1,0 1].txt
[0 1,0 1,0 0,0 1,1 0,1 0][1 1,1 1,0 1,0 0,0 0,0 0][1 1,1 1,0 1,0 0,0 0,0 0][0 1,0 1,0 0,0 1,1 0,1 0][0 1,0 1,0 0,0 0,0 1,0 1][0 0,0 0,0 0,0 0,0 0,0 0].txt
[0 1,0 1,0 1,0 0,0 0,0 1][0 0,0 0,0 1,0 0,0 0,0 1][1 1,1 1,0 1,0 1,0 1,0 0][1 1,1 1,0 1,0 1,0 1,0 0][0 1,0 1,0 0,0 0,0 0,0 0][0 1,0 1,0 0,0 0,0 0,0 0].txt
[0 1,0 1,0 1,0 0,0 0,0 1][0 1,0 1,0 1,0 0,0 0,0 1][0 1,1 0,1 0,0 1,0 1,0 0][0 1,1 0,1 0,0 1,0 1,0 0][0 0,0 1,0 1,0 0,0 0,0 0][0 0,0 0,0 0,0 0,0 0,0 0].txt
[0 1,0 1,0 1,0 0,0 0,0 1][1 1,1 1,0 1,0 1,0 1,0 0][1 1,1 1,0 1,0 1,0 1,0 0][0 0,0 0,0 1,0 0,0 0,0 1][0 0,0 0,0 0,0 0,0 0,0 0][0 0,0 0,0 0,0 0,0 0,0 0].txt
[0 1,0 1,0 1,0 1,0 0,0 0][0 0,0 0,0 1,0 1,0 0,0 0][1 1,1 1,0 1,0 0,0 0,0 0][1 1,1 1,0 1,0 0,0 0,0 0][0 1,0 1,0 0,0 0,0 0,0 0][0 1,0 1,0 0,0 0,0 0,0 0].txt
[0 1,0 1,0 1,0 1,0 0,0 0][0 0,0 0,1 1,1 1,0 1,0 0][1 1,1 1,0 0,0 0,0 1,0 0][1 1,1 1,0 0,0 0,0 1,0 0][0 0,0 0,1 1,1 1,0 1,0 0][0 0,0 0,0 0,0 0,0 0,0 0].txt
[0 1,0 1,0 1,0 1,0 0,0 0][0 1,0 0,0 0,0 1,0 0,0 0][0 1,1 0,1 0,0 0,0 0,0 0][0 1,1 0,1 0,0 0,0 0,0 0][0 0,0 1,0 1,0 0,0 0,0 0][0 0,0 1,0 1,0 0,0 0,0 0].txt
[0 1,0 1,0 1,0 1,0 0,0 0][0 1,0 1,0 0,0 0,0 0,0 0][0 1,0 0,1 0,1 0,0 0,0 0][0 1,0 0,1 0,1 0,0 0,0 0][0 0,0 0,0 0,0 0,0 0,0 0][0 0,0 0,0 0,0 0,0 0,0 0].txt
[0 1,0 1,0 1,0 1,0 0,0 0][0 1,0 1,0 0,0 0,0 0,0 0][0 1,0 1,1 0,1 0,0 1,0 0][0 1,0 1,1 0,1 0,0 1,0 0][0 0,0 0,0 1,0 1,0 0,0 0][0 0,0 0,0 1,0 1,0 0,0 0].txt
[0 1,0 1,0 1,0 1,0 0,0 0][0 1,0 1,0 1,0 1,0 0,0 0][0 0,0 1,1 0,1 0,0 0,0 0][0 1,0 0,1 0,1 0,0 0,0 0][0 1,0 0,1 0,1 0,0 0,0 0][0 0,0 1,1 0,1 0,0 0,0 0].txt
[0 1,0 1,0 1,0 1,0 0,0 0][0 1,0 1,0 1,0 1,0 0,0 0][0 0,0 1,1 0,1 0,0 0,0 0][1 0,1 0,0 0,0 1,0 0,0 0][1 0,1 0,0 1,0 0,0 0,0 0][0 1,0 0,1 0,1 0,0 0,0 0].txt
[0 1,0 1,0 1,1 0,0 0,1 0][0 1,0 1,0 1,1 0,0 0,1 0][0 1,0 1,1 0,0 1,1 0,0 0][0 1,0 1,1 0,0 1,1 0,0 0][0 0,0 0,0 1,0 0,0 1,0 0][0 0,0 0,0 0,0 1,0 0,0 1].txt
[0 1,0 1,0 1,1 0,1 0,0 0][0 1,0 1,0 1,1 0,1 0,0 0][0 0,0 0,0 0,0 1,0 1,0 0][0 0,0 0,0 0,0 0,0 0,0 0][0 0,0 0,0 0,0 0,0 0,0 0][0 0,0 0,0 0,0 0,0 0,0 0].txt
[0 1,0 1,0 1,1 0,1 0,0 0][0 1,0 1,0 1,1 0,1 0,0 0][0 0,0 0,0 1,1 0,1 0,0 0][0 1,0 1,0 0,0 0,0 0,0 0][0 1,0 1,0 0,0 0,0 0,0 0][0 0,0 0,0 1,1 0,1 0,0 0].txt
[0 1,0 1,0 1,1 0,1 0,0 0][0 1,0 1,0 1,1 0,1 0,0 0][0 0,0 0,0 1,1 0,1 0,0 0][0 1,0 1,0 0,0 1,0 1,0 0][0 1,0 1,0 0,0 1,0 1,0 0][0 0,0 0,0 1,1 0,1 0,0 0].txt
[0 1,0 1,0 1,1 0,1 0,0 0][0 1,0 1,0 1,1 0,1 0,0 0][0 0,0 1,0 1,0 0,0 0,0 0][0 1,0 0,0 0,1 0,1 0,0 0][0 1,0 0,0 0,1 0,1 0,0 0][0 0,0 1,0 1,0 0,0 0,0 0].txt
[0 1,0 1,0 1,1 0,1 0,0 0][0 1,0 1,0 1,1 0,1 0,0 0][0 0,0 1,0 1,0 1,0 1,0 0][0 1,0 0,0 0,1 0,1 0,0 0][0 1,0 0,0 0,1 0,1 0,0 0][0 0,0 1,0 1,0 1,0 1,0 0].txt
[0 1,0 1,0 1,1 0,1 0,0 0][0 1,0 1,0 1,1 0,1 0,0 0][0 1,0 0,0 0,1 0,1 0,0 0][0 1,0 0,0 0,1 0,1 0,0 0][0 0,0 0,0 0,0 0,0 0,0 0][0 0,0 0,0 0,0 0,0 0,0 0].txt
[0 1,0 1,0 1,1 0,1 0,0 0][0 1,0 1,0 1,1 0,1 0,0 0][0 1,0 1,0 0,0 0,0 0,0 0][0 1,0 1,0 0,0 0,0 0,0 0][0 0,0 0,0 0,0 1,0 1,0 0][0 0,0 0,0 0,0 0,0 0,0 0].txt
[0 1,0 1,0 1,1 0,1 0,0 0][0 1,0 1,0 1,1 0,1 0,0 0][0 1,0 1,0 0,0 1,0 1,0 0][0 1,0 1,0 0,0 0,0 0,0 0][0 0,0 0,0 0,0 0,0 0,0 0][0 0,0 0,0 0,0 0,0 0,0 0].txt
[0 1,0 1,0 1,1 0,1 0,0 0][0 1,0 1,0 1,1 0,1 0,0 0][0 1,0 1,0 1,1 0,1 0,0 0][0 1,0 1,0 1,1 0,1 0,0 0][0 0,0 0,0 0,0 0,0 0,0 0][0 0,0 0,0 0,0 0,0 0,0 0].txt
[0 1,0 1,0 1,1 0,1 0,0 0][0 1,0 1,0 1,1 0,1 0,0 0][0 1,0 1,0 1,1 0,1 0,0 0][0 1,0 1,0 1,1 0,1 0,0 0][0 0,0 0,0 0,0 1,0 1,0 0][0 0,0 0,0 0,0 1,0 1,0 0].txt
[0 1,0 1,0 1,1 0,1 0,0 0][0 1,1 0,1 0,0 1,0 1,0 0][0 1,1 0,1 0,0 1,0 1,0 0][0 1,0 1,0 1,1 0,1 0,0 0][0 0,0 1,0 1,0 1,0 1,0 0][0 0,0 0,0 0,0 0,0 0,0 0].txt
[0 1,0 1,1 0,1 0,0 0,0 1][0 0,0 0,1 0,1 0,0 0,0 1][1 0,1 0,0 1,0 1,0 1,0 0][1 0,1 0,0 0,0 0,0 1,0 0][0 1,0 1,0 1,0 1,0 0,0 0][0 1,0 1,0 1,0 1,0 0,0 0].txt
[0 1,0 1,1 0,1 0,0 0,0 1][0 1,0 1,1 0,1 0,0 0,0 1][0 1,0 1,1 0,1 0,0 1,0 0][0 1,0 1,1 0,1 0,0 1,0 0][0 0,0 0,0 1,0 1,0 0,0 0][0 0,0 0,0 1,0 1,0 0,0 0].txt
[0 1,0 1,1 0,1 0,0 0,0 1][1 0,1 0,0 1,0 1,0 1,0 0][1 0,1 0,0 1,0 1,0 1,0 0][0 1,0 1,1 0,1 0,0 0,0 1][0 1,0 1,0 0,0 0,0 0,0 0][0 0,0 0,0 1,0 1,0 0,0 0].txt
[0 1,0 1,1 0,1 0,0 0,0 1][1 1,1 1,0 1,0 1,0 1,0 0][1 1,1 1,0 0,0 0,0 1,0 0][0 0,0 0,1 0,1 0,0 0,0 1][0 0,0 0,0 1,0 1,0 0,0 0][0 0,0 0,0 1,0 1,0 0,0 0].txt
[0 1,0 1,1 0,1 0,0 0,0 1][1 1,1 1,0 1,0 1,0 1,0 0][1 1,1 1,0 1,0 1,0 1,0 0][0 1,0 1,1 0,1 0,0 0,0 1][0 1,0 1,0 1,0 1,0 0,0 0][0 0,0 0,0 0,0 0,0 0,0 0].txt
[0 1,0 1,1 0,1 0,0 1,0 0][0 1,0 1,1 0,1 0,0 1,0 0][0 1,0 1,0 1,0 1,0 0,0 0][0 1,0 1,0 1,0 1,0 0,0 0][0 0,0 0,0 1,0 1,0 0,0 0][0 0,0 0,0 0,0 0,0 0,0 0].txt
[0 1,0 1,1 0,1 0,1 0,1 0][0 1,0 1,1 0,1 0,1 0,1 0][0 0,0 0,0 0,0 0,0 1,0 1][0 0,0 0,0 1,0 1,0 0,0 0][0 0,0 0,0 0,0 0,0 0,0 0][0 0,0 0,0 0,0 0,0 0,0 0].txt
[0 1,0 1,1 0,1 0,1 0,1 0][0 1,0 1,1 0,1 0,1 0,1 0][0 0,0 0,0 1,0 1,0 1,0 1][0 0,0 0,0 0,0 0,0 0,0 0][0 0,0 0,0 0,0 0,0 0,0 0][0 0,0 0,0 0,0 0,0 0,0 0].txt
[0 1,0 1,1 0,1 0,1 0,1 0][0 1,0 1,1 0,1 0,1 0,1 0][0 0,0 1,0 0,0 0,1 0,1 0][0 1,0 0,1 0,1 0,0 0,0 0][0 1,0 0,1 0,1 0,0 0,0 0][0 0,0 1,0 0,0 0,1 0,1 0].txt
[0 1,0 1,1 0,1 0,1 0,1 0][0 1,0 1,1 0,1 0,1 0,1 0][0 0,0 1,0 1,0 1,1 0,1 0][0 1,0 0,1 0,1 0,0 1,0 1][0 1,0 0,1 0,1 0,0 1,0 1][0 0,0 1,0 1,0 1,1 0,1 0].txt
[0 1,0 1,1 0,1 0,1 0,1 0][0 1,0 1,1 0,1 0,1 0,1 0][0 1,0 1,0 0,0 0,0 1,0 1][0 1,0 1,0 1,0 1,0 0,0 0][0 0,0 0,0 0,0 0,0 0,0 0][0 0,0 0,0 0,0 0,0 0,0 0].txt
[0 1,0 1,1 0,1 0,1 0,1 0][0 1,0 1,1 0,1 0,1 0,1 0][0 1,0 1,0 0,0 0,0 1,0 1][0 1,0 1,0 1,0 1,0 0,0 0][0 0,0 0,0 1,0 1,0 1,0 1][0 0,0 0,0 1,0 1,0 1,0 1].txt
[0 1,0 1,1 0,1 0,1 0,1 0][0 1,0 1,1 0,1 0,1 0,1 0][0 1,0 1,0 1,0 1,0 0,0 0][0 1,0 1,0 1,0 1,0 0,0 0][0 0,0 0,0 1,0 1,0 1,0 1][0 0,0 0,0 0,0 0,0 0,0 0].txt
[0 1,0 1,1 0,1 0,1 0,1 0][0 1,0 1,1 0,1 0,1 0,1 0][0 1,0 1,1 0,1 0,1 0,1 0][0 1,0 1,1 0,1 0,1 0,1 0][0 0,0 0,0 0,0 0,0 0,0 0][0 0,0 0,0 0,0 0,0 0,0 0].txt
[0 1,0 1,1 0,1 0,1 0,1 0][0 1,0 1,1 0,1 0,1 0,1 0][0 1,0 1,1 0,1 0,1 0,1 0][0 1,0 1,1 0,1 0,1 0,1 0][0 0,0 0,0 1,0 1,0 1,0 1][0 0,0 0,0 1,0 1,0 1,0 1].txt
[0 1,0 1,1 0,1 0,1 0,1 0][0 1,0 1,1 0,1 0,1 0,1 0][1 0,1 0,0 1,0 1,1 0,1 0][1 0,1 0,0 1,0 1,1 0,1 0][0 1,0 1,0 0,0 0,0 1,0 1][0 0,0 0,0 1,0 1,0 1,0 1].txt
[0 1,0 1,1 1,1 1,0 0,0 1][0 0,0 0,1 1,1 1,0 0,0 1][1 1,1 1,0 1,0 1,0 1,0 0][1 1,1 1,0 0,0 0,0 1,0 0][0 1,0 1,0 1,0 1,0 0,0 0][0 1,0 1,0 1,0 1,0 0,0 0].txt
[0 1,0 1,1 1,1 1,0 0,0 1][0 1,0 1,1 1,1 1,0 0,0 1][1 1,1 1,0 0,0 0,0 1,0 0][1 1,1 1,0 0,0 0,0 1,0 0][0 1,0 1,0 0,0 0,0 0,0 0][0 0,0 0,0 1,0 1,0 0,0 0].txt
[0 1,0 1,1 1,1 1,0 0,0 1][1 1,1 1,0 1,0 1,0 1,0 0][1 1,1 1,0 0,0 0,0 1,0 0][0 0,0 0,1 1,1 1,0 0,0 1][0 0,0 0,0 0,0 0,0 0,0 0][0 0,0 0,0 0,0 0,0 0,0 0].txt
[0 1,0 1,1 1,1 1,0 0,0 1][1 1,1 1,0 1,0 1,0 1,0 0][1 1,1 1,0 1,0 1,0 1,0 0][0 1,0 1,1 1,1 1,0 0,0 1][0 1,0 1,0 0,0 0,0 0,0 0][0 0,0 0,0 1,0 1,0 0,0 0].txt
[0 1,0 1,1 1,1 1,0 1,0 0][0 1,0 1,1 1,1 1,0 1,0 0][1 1,1 1,0 1,0 1,0 1,0 0][1 1,1 1,0 1,0 1,0 1,0 0][0 1,0 1,0 1,0 1,0 0,0 0][0 0,0 0,0 0,0 0,0 0,0 0].txt
[0 1,0 1,1 1,1 1,1 1,1 1][0 0,0 0,1 1,1 1,1 0,1 0][1 1,1 1,0 1,0 1,1 1,1 1][1 1,1 1,0 0,0 0,1 0,1 0][0 0,0 0,0 0,0 0,0 0,0 0][0 0,0 0,0 0,0 0,0 0,0 0].txt
[0 1,1 0,0 0,1 0,0 0,0 0][1 0,0 1,1 0,0 0,0 0,0 0][1 0,0 1,1 0,0 0,0 0,0 0][0 1,1 0,0 0,1 0,0 0,0 0][0 1,0 0,0 1,0 0,0 0,0 0][0 0,0 1,0 0,0 1,0 0,0 0].txt
[0 1,1 0,1 0,0 0,0 0,0 0][0 1,1 0,1 0,0 0,0 0,0 0][0 0,0 1,0 1,0 0,0 0,0 0][0 0,0 0,0 0,0 0,0 0,0 0][0 0,0 0,0 0,0 0,0 0,0 0][0 0,0 0,0 0,0 0,0 0,0 0].txt
[0 1,1 0,1 0,0 0,0 0,0 0][0 1,1 0,1 0,0 0,0 0,0 0][0 1,0 1,0 1,0 1,0 0,0 0][0 1,0 1,0 1,0 1,0 0,0 0][0 0,0 1,0 1,0 0,0 0,0 0][0 0,0 0,0 0,0 0,0 0,0 0].txt
[0 1,1 0,1 0,0 0,0 0,0 0][0 1,1 0,1 0,0 0,0 0,0 0][0 1,0 1,0 1,1 0,1 0,0 0][0 1,0 1,0 1,1 0,1 0,0 0][0 0,0 1,0 1,0 1,0 1,0 0][0 0,0 0,0 0,0 0,0 0,0 0].txt
[0 1,1 0,1 0,0 0,0 0,0 0][0 1,1 0,1 0,0 0,0 0,0 0][0 1,0 1,0 1,1 0,1 0,0 0][0 1,0 1,0 1,1 0,1 0,0 0][0 0,1 0,1 0,1 0,1 0,0 0][0 0,1 0,1 0,1 0,1 0,0 0].txt
[0 1,1 0,1 0,0 0,0 0,0 0][0 1,1 0,1 0,0 0,0 0,0 0][0 1,1 0,1 0,0 0,0 0,0 0][0 1,1 0,1 0,0 0,0 0,0 0][0 0,0 0,0 0,0 0,0 0,0 0][0 0,0 0,0 0,0 0,0 0,0 0].txt
[0 1,1 0,1 0,0 0,0 0,0 0][0 1,1 0,1 0,0 0,0 0,0 0][0 1,1 0,1 0,0 0,0 0,0 0][0 1,1 0,1 0,0 0,0 0,0 0][0 0,0 1,0 1,0 0,0 0,0 0][0 0,0 1,0 1,0 0,0 0,0 0].txt
[0 1,1 0,1 0,0 0,0 1,0 1][0 1,1 0,1 0,0 0,0 1,0 1][0 1,0 1,0 1,0 1,0 0,0 0][0 1,0 1,0 1,0 1,0 0,0 0][0 0,0 1,0 1,0 0,0 0,0 0][0 0,0 0,0 0,0 0,0 0,0 0].txt
[0 1,1 0,1 0,0 1,0 1,0 0][0 1,1 0,1 0,0 1,0 1,0 0][0 1,1 0,1 0,0 0,0 0,0 0][0 1,1 0,1 0,0 0,0 0,0 0][0 0,0 1,0 1,0 0,0 0,0 0][0 0,0 1,0 1,0 0,0 0,0 0].txt
[0 1,1 0,1 0,0 1,1 0,1 0][0 1,1 0,1 0,0 1,1 0,1 0][0 1,0 1,0 1,0 0,1 0,1 0][0 1,0 1,0 1,0 0,1 0,1 0][0 0,0 1,0 1,0 0,0 0,0 0][0 0,0 0,0 0,0 0,0 0,0 0].txt
[0 1,1 0,1 0,0 1,1 0,1 0][0 1,1 0,1 0,0 1,1 0,1 0][0 1,1 0,1 0,0 0,0 0,0 0][0 1,1 0,1 0,0 0,0 0,0 0][0 0,0 1,0 1,0 0,0 1,0 1][0 0,0 1,0 1,0 0,0 0,0 0].txt
[0 1,1 1,0 0,1 1,0 0,0 0][1 1,0 1,1 1,0 0,0 0,0 0][1 1,0 1,1 1,0 0,0 0,0 0][0 1,1 1,0 0,1 1,0 0,0 0][0 1,0 0,0 1,0 0,0 0,0 0][0 0,0 1,0 0,0 1,0 0,0 0].txt
[0 1,1 1,0 0,1 1,0 1,0 1][0 1,1 1,0 0,1 1,0 1,0 1][1 1,0 1,1 1,0 0,0 1,0 1][1 1,0 1,1 1,0 0,0 1,0 1][0 1,0 0,0 1,0 0,0 0,0 0][0 0,0 1,0 0,0 1,0 0,0 0].txt
[1 0,1 0,0 0,0 0,0 0,0 1][1 0,1 0,0 0,0 0,0 1,0 0][0 1,0 1,0 0,0 0,0 0,0 0][0 1,0 1,0 0,0 0,0 0,0 0][0 0,0 1,0 1,0 1,1 0,1 0][0 1,0 0,0 1,0 1,1 0,1 0].txt
[1 0,1 0,0 0,0 0,0 1,0 0][1 0,1 0,0 0,0 0,0 1,0 0][0 1,0 1,0 1,0 1,0 0,0 0][0 1,0 1,0 0,0 0,0 0,0 0][0 1,0 1,0 0,0 0,0 0,0 0][0 0,0 0,0 1,0 1,0 0,0 0].txt
[1 0,1 0,0 0,0 0,0 1,0 0][1 0,1 0,0 0,0 0,0 1,0 0][0 1,0 1,0 1,0 1,0 0,0 0][0 1,0 1,0 1,0 1,0 0,0 0][0 1,0 1,0 0,0 0,0 0,0 0][0 0,0 0,0 0,0 0,0 0,0 0].txt
[1 0,1 0,0 0,0 0,1 0,1 0][1 0,1 0,0 0,0 0,1 0,1 0][0 1,0 1,0 1,0 1,0 0,0 0][0 1,0 1,0 1,0 1,0 0,0 0][0 1,0 1,0 0,0 0,0 1,0 1][0 0,0 0,0 0,0 0,0 0,0 0].txt
[1 0,1 0,0 0,0 0,1 0,1 0][1 0,1 0,0 0,0 0,1 0,1 0][0 1,0 1,1 0,1 0,1 0,1 0][0 1,0 1,1 0,1 0,1 0,1 0][0 1,0 1,0 1,0 1,0 0,0 0][0 0,0 0,0 0,0 0,0 0,0 0].txt
[1 0,1 0,0 0,0 0,1 0,1 0][1 0,1 0,0 0,0 0,1 0,1 0][1 0,1 0,1 0,1 0,0 0,0 0][1 0,1 0,1 0,1 0,0 0,0 0][0 1,0 1,0 1,0 1,0 0,0 0][0 1,0 1,0 0,0 0,0 1,0 1].txt
[1 0,1 0,0 0,0 0,1 0,1 0][1 0,1 0,0 0,0 0,1 0,1 0][1 1,1 1,1 0,1 0,0 0,0 0][1 1,1 1,1 0,1 0,0 0,0 0][0 0,0 0,0 1,0 1,0 1,0 1][0 0,0 0,0 0,0 0,0 0,0 0].txt
[1 0,1 0,0 0,0 1,0 0,0 0][1 0,1 0,0 0,0 1,0 0,0 0][0 1,0 1,0 1,0 0,1 0,1 0][0 1,0 1,0 1,0 0,1 0,1 0][0 1,0 1,0 0,0 0,0 0,0 0][0 0,0 0,0 0,0 0,0 1,0 1].txt
[1 0,1 0,0 0,0 1,0 0,0 0][1 0,1 0,0 0,0 1,0 0,0 0][1 0,1 0,0 1,0 0,0 0,0 0][1 0,1 0,0 1,0 0,0 0,0 0][0 1,0 1,0 0,0 0,0 0,0 0][0 1,0 1,0 0,0 0,0 0,0 0].txt
[1 0,1 0,0 0,0 1,0 0,0 0][1 0,1 0,0 0,0 1,0 0,0 0][1 1,1 1,0 1,0 0,0 0,0 0][1 1,1 1,0 1,0 0,0 0,0 0][0 0,0 0,0 0,0 0,0 0,0 0][0 0,0 0,0 0,0 0,0 0,0 0].txt
[1 0,1 0,0 0,0 1,0 0,0 0][1 0,1 0,0 0,0 1,0 0,0 0][1 1,1 1,0 1,0 0,0 0,0 0][1 1,1 1,0 1,0 0,0 0,0 0][0 1,0 1,0 0,0 0,0 0,0 0][0 1,0 1,0 0,0 0,0 0,0 0].txt
[1 0,1 0,0 0,0 1,0 0,0 0][1 1,1 1,0 1,0 0,0 0,0 0][1 1,1 1,0 1,0 0,0 0,0 0][1 0,1 0,0 0,0 1,0 0,0 0][0 0,0 0,0 1,0 1,0 0,0 0][0 0,0 0,0 1,0 1,0 0,0 0].txt
[1 0,1 0,0 0,0 1,0 0,0 0][1 1,1 1,0 1,0 0,0 0,0 0][1 1,1 1,0 1,0 0,0 0,0 0][1 0,1 0,0 0,0 1,0 0,0 0][0 1,0 1,0 1,0 1,0 0,0 0][0 1,0 1,0 1,0 1,0 0,0 0].txt
[1 0,1 0,0 0,0 1,0 1,0 1][1 0,1 0,0 0,0 1,0 1,0 1][0 0,0 0,0 1,0 0,0 0,0 1][1 1,1 1,0 1,0 1,0 1,0 0][1 1,1 1,0 1,0 1,0 1,0 0][0 0,0 0,0 1,0 0,0 0,0 1].txt
[1 0,1 0,0 0,0 1,0 1,0 1][1 0,1 0,0 0,0 1,0 1,0 1][1 1,1 1,0 1,0 0,0 1,0 1][1 1,1 1,0 1,0 0,0 1,0 1][0 0,0 0,0 1,0 1,0 0,0 0][0 0,0 0,0 1,0 1,0 0,0 0].txt
[1 0,1 0,0 1,0 0,0 0,0 0][1 0,1 0,0 1,0 0,0 0,0 0][0 1,0 1,0 0,0 0,0 0,0 0][0 1,0 1,0 0,0 0,0 0,0 0][0 1,0 1,0 0,0 0,0 0,0 0][0 0,0 0,0 0,0 0,0 0,0 0].txt
[1 0,1 0,0 1,0 1,0 0,0 1][1 0,1 0,0 1,0 1,0 0,0 1][1 1,1 1,0 1,0 1,0 1,0 0][1 1,1 1,0 1,0 1,0 1,0 0][0 0,0 0,0 0,0 0,0 0,0 0][0 0,0 0,0 0,0 0,0 0,0 0].txt
[1 0,1 0,0 1,0 1,0 0,0 1][1 0,1 0,0 1,0 1,0 1,0 0][0 1,0 1,0 0,0 0,0 0,0 0][0 1,0 1,0 0,0 0,0 0,0 0][0 0,0 1,0 0,0 0,1 0,1 0][0 1,0 0,0 0,0 0,1 0,1 0].txt
[1 0,1 0,0 1,0 1,0 1,0 0][1 0,1 0,0 1,0 1,0 1,0 0][0 0,0 0,0 0,0 1,0 1,0 0][1 1,1 1,0 1,0 0,0 0,0 0][1 1,1 1,0 1,0 0,0 0,0 0][0 0,0 0,0 0,0 1,0 1,0 0].txt
[1 0,1 0,0 1,0 1,0 1,0 0][1 0,1 0,0 1,0 1,0 1,0 0][0 1,0 1,0 0,0 0,0 0,0 0][0 1,0 1,0 0,0 0,0 0,0 0][0 1,0 1,0 0,0 0,0 0,0 0][0 0,0 0,0 0,0 0,0 0,0 0].txt
[1 0,1 0,0 1,0 1,0 1,0 0][1 0,1 0,0 1,0 1,0 1,0 0][0 1,0 1,0 0,0 1,0 1,0 0][1 1,1 1,0 1,0 0,0 0,0 0][1 1,1 1,0 1,0 0,0 0,0 0][0 1,0 1,0 0,0 1,0 1,0 0].txt
[1 0,1 0,0 1,0 1,1 0,1 0][1 0,1 0,0 1,0 1,1 0,1 0][0 0,0 0,0 0,0 1,1 0,1 0][1 1,1 1,0 1,0 0,0 0,0 0][1 1,1 1,0 1,0 0,0 0,0 0][0 0,0 0,0 0,0 1,1 0,1 0].txt
[1 0,1 0,0 1,0 1,1 0,1 0][1 0,1 0,0 1,0 1,1 0,1 0][0 1,0 1,0 0,0 0,0 1,0 1][0 1,0 1,0 0,0 0,0 0,0 0][0 1,0 1,0 0,0 0,0 0,0 0][0 0,0 0,0 0,0 0,0 0,0 0].txt
[1 0,1 0,0 1,0 1,1 0,1 0][1 0,1 0,0 1,0 1,1 0,1 0][0 1,0 1,0 0,0 1,1 0,1 0][1 1,1 1,0 1,0 0,0 1,0 1][1 1,1 1,0 1,0 0,0 1,0 1][0 1,0 1,0 0,0 1,1 0,1 0].txt
[1 0,1 0,0 1,0 1,1 0,1 0][1 0,1 0,0 1,0 1,1 0,1 0][1 1,1 1,1 0,1 0,0 1,0 1][1 1,1 1,1 0,1 0,0 1,0 1][0 0,0 0,0 1,0 1,0 1,0 1][0 0,0 0,0 0,0 0,0 0,0 0].txt
[1 0,1 0,1 0,1 0,0 0,0 0][1 0,1 0,1 0,1 0,0 0,0 0][0 0,0 0,0 1,0 1,0 0,0 0][0 1,0 1,0 0,0 0,0 0,0 0][0 0,0 0,0 0,0 0,0 0,0 0][0 0,0 0,0 0,0 0,0 0,0 0].txt
[1 0,1 0,1 0,1 0,0 0,0 0][1 0,1 0,1 0,1 0,0 0,0 0][0 0,0 0,1 1,1 1,1 0,1 0][1 1,1 1,0 0,0 0,1 0,1 0][1 1,1 1,0 0,0 0,1 0,1 0][0 0,0 0,1 1,1 1,1 0,1 0].txt
[1 0,1 0,1 0,1 0,0 0,0 0][1 0,1 0,1 0,1 0,0 0,0 0][0 1,0 1,0 1,0 1,0 0,0 0][0 0,0 0,0 0,0 0,0 0,0 0][0 0,0 0,0 0,0 0,0 0,0 0][0 0,0 0,0 0,0 0,0 0,0 0].txt
[1 0,1 0,1 0,1 0,0 0,0 0][1 0,1 0,1 0,1 0,0 0,0 0][0 1,0 1,0 1,0 1,0 0,0 0][0 1,0 1,0 0,0 0,0 0,0 0][0 1,0 1,0 0,0 0,0 0,0 0][0 0,0 0,0 0,0 0,0 0,0 0].txt
[1 0,1 0,1 0,1 0,0 0,0 0][1 0,1 0,1 0,1 0,0 0,0 0][0 1,0 1,0 1,0 1,0 0,0 0][0 1,0 1,0 1,0 1,0 0,0 0][0 0,0 0,0 1,0 1,0 1,0 1][0 1,0 1,0 0,0 0,0 1,0 1].txt
[1 0,1 0,1 0,1 0,0 0,0 0][1 0,1 0,1 0,1 0,0 0,0 0][0 1,0 1,0 1,0 1,0 0,0 0][0 1,0 1,0 1,0 1,0 0,0 0][0 1,0 1,0 1,0 1,0 0,0 0][0 0,0 0,0 0,0 0,0 0,0 0].txt
[1 0,1 0,1 0,1 0,0 0,0 0][1 0,1 0,1 0,1 0,0 0,0 0][0 1,0 1,1 0,1 0,0 1,0 0][0 1,0 1,1 0,1 0,0 1,0 0][0 1,0 1,0 1,0 1,0 0,0 0][0 0,0 0,0 1,0 1,0 0,0 0].txt
[1 0,1 0,1 0,1 0,0 0,0 0][1 0,1 0,1 0,1 0,0 0,0 0][0 1,0 1,1 0,1 0,1 0,1 0][1 0,1 0,0 1,0 1,1 0,1 0][1 0,1 0,0 1,0 1,1 0,1 0][0 1,0 1,1 0,1 0,1 0,1 0].txt
[1 0,1 0,1 0,1 0,0 0,0 0][1 0,1 0,1 0,1 0,0 0,0 0][1 0,1 0,1 0,1 0,0 0,0 0][1 0,1 0,1 0,1 0,0 0,0 0][0 0,0 0,0 0,0 0,0 0,0 0][0 0,0 0,0 0,0 0,0 0,0 0].txt
[1 0,1 0,1 0,1 0,0 0,0 0][1 0,1 0,1 0,1 0,0 0,0 0][1 0,1 0,1 0,1 0,0 0,0 0][1 0,1 0,1 0,1 0,0 0,0 0][0 1,0 1,0 1,0 1,0 0,0 0][0 1,0 1,0 1,0 1,0 0,0 0].txt
[1 0,1 0,1 0,1 0,0 1,0 1][1 0,1 0,1 0,1 0,0 1,0 1][0 0,0 0,1 1,1 1,0 0,0 1][1 1,1 1,0 0,0 0,0 1,0 0][1 1,1 1,0 0,0 0,0 1,0 0][0 0,0 0,1 1,1 1,0 0,0 1].txt
[1 0,1 0,1 0,1 0,0 1,0 1][1 0,1 0,1 0,1 0,0 1,0 1][0 1,0 1,0 1,0 1,0 0,0 0][0 1,0 1,0 1,0 1,0 0,0 0][0 0,0 0,0 1,0 1,0 0,0 0][0 1,0 1,0 0,0 0,0 0,0 0].txt
[1 0,1 0,1 0,1 0,0 1,0 1][1 0,1 0,1 0,1 0,0 1,0 1][0 1,0 1,0 1,0 1,0 0,0 0][0 1,0 1,0 1,0 1,0 0,0 0][0 1,0 1,0 1,0 1,0 0,0 0][0 0,0 0,0 0,0 0,0 0,0 0].txt
[1 0,1 0,1 1,1 1,0 0,0 0][1 0,1 0,1 1,1 1,0 0,0 0][1 1,1 1,0 0,0 0,0 1,0 0][1 1,1 1,0 0,0 0,0 1,0 0][0 0,0 0,1 0,1 0,0 1,0 0][0 0,0 0,1 0,1 0,0 1,0 0].txt
[1 0,1 0,1 1,1 1,0 0,0 0][1 0,1 0,1 1,1 1,0 0,0 0][1 1,1 1,1 0,1 0,0 0,0 0][1 1,1 1,1 0,1 0,0 0,0 0][0 0,0 0,0 0,0 0,0 0,0 0][0 0,0 0,0 0,0 0,0 0,0 0].txt
[1 0,1 0,1 1,1 1,0 0,0 0][1 0,1 0,1 1,1 1,0 0,0 0][1 1,1 1,1 0,1 0,0 0,0 0][1 1,1 1,1 0,1 0,0 0,0 0][0 1,0 1,0 1,0 1,0 0,0 0][0 1,0 1,0 1,0 1,0 0,0 0].txt
[1 0,1 0,1 1,1 1,0 0,0 0][1 1,1 1,1 0,1 0,0 0,0 0][1 0,1 1,1 0,1 1,0 0,0 0][1 1,1 0,1 1,1 0,0 0,0 0][0 0,0 0,0 0,0 0,0 0,0 0][0 0,0 0,0 0,0 0,0 0,0 0].txt
[1 0,1 0,1 1,1 1,0 0,0 0][1 1,1 1,1 0,1 0,0 0,0 0][1 0,1 1,1 0,1 1,0 0,0 0][1 1,1 0,1 1,1 0,0 0,0 0][0 1,0 1,0 1,0 1,0 0,0 0][0 1,0 1,0 1,0 1,0 0,0 0].txt
[1 0,1 0,1 1,1 1,0 1,0 1][1 0,1 0,1 1,1 1,0 1,0 1][0 1,0 1,1 0,1 0,0 0,0 1][1 1,1 1,0 0,0 0,0 1,0 0][1 1,1 1,0 0,0 0,0 1,0 0][0 1,0 1,1 0,1 0,0 0,0 1].txt
[1 0,1 0,1 1,1 1,0 1,0 1][1 0,1 0,1 1,1 1,0 1,0 1][1 1,1 1,1 0,1 0,0 1,0 1][1 1,1 1,1 0,1 0,0 1,0 1][0 0,0 0,0 0,0 0,0 0,0 0][0 0,0 0,0 0,0 0,0 0,0 0].txt
[1 0,1 0,1 1,1 1,0 1,0 1][1 0,1 0,1 1,1 1,0 1,0 1][1 1,1 1,1 0,1 0,0 1,0 1][1 1,1 1,1 0,1 0,0 1,0 1][0 1,0 1,0 1,0 1,0 0,0 0][0 1,0 1,0 1,0 1,0 0,0 0].txt
[1 0,1 0,1 1,1 1,0 1,0 1][1 1,1 1,1 0,1 0,0 1,0 1][1 0,1 1,1 0,1 1,0 0,0 0][1 1,1 0,1 1,1 0,0 0,0 0][0 1,0 1,0 1,0 1,0 0,0 0][0 1,0 1,0 1,0 1,0 0,0 0].txt
[1 0,1 0,1 1,1 1,0 1,0 1][1 1,1 1,1 0,1 0,0 1,0 1][1 0,1 1,1 0,1 1,0 1,0 1][1 1,1 0,1 1,1 0,0 1,0 1][0 0,0 0,0 0,0 0,0 0,0 0][0 0,0 0,0 0,0 0,0 0,0 0].txt
[1 0,1 1,1 0,1 1,0 1,0 1][1 1,1 0,1 0,1 1,0 1,0 1][1 1,1 0,1 1,1 0,0 1,0 1][1 0,1 1,1 1,1 0,0 1,0 1][0 1,0 1,0 0,0 0,0 0,0 0][0 1,0 1,0 0,0 0,0 0,0 0].txt
[1 1,0 0,1 1,0 0,0 0,0 1][1 1,0 0,1 1,0 0,0 0,0 1][1 1,1 1,1 0,0 1,0 1,1 0][1 1,1 1,1 0,0 1,0 1,1 0][0 1,1 0,0 0,0 1,0 1,1 0][0 1,1 0,0 0,0 1,0 1,1 0].txt
[1 1,1 0,1 1,0 0,0 0,1 0][1 1,1 1,1 0,0 0,0 0,1 0][0 1,1 0,1 0,0 1,0 1,0 0][0 0,1 1,1 1,0 1,0 1,0 1][0 0,0 0,0 0,0 0,0 0,0 0][0 0,0 0,0 0,0 0,0 0,0 0].txt
[1 1,1 0,1 1,0 1,0 1,1 0][1 1,1 0,1 1,0 1,0 1,1 0][1 1,1 1,0 0,0 0,0 0,0 1][1 1,1 1,0 0,0 0,0 0,0 1][0 1,0 0,1 0,0 1,0 1,1 0][0 1,0 0,1 0,0 1,0 1,1 0].txt
[1 1,1 0,1 1,0 1,0 1,1 0][1 1,1 0,1 1,0 1,0 1,1 0][1 1,1 1,1 0,0 1,0 1,1 0][1 1,1 1,1 0,0 1,0 1,1 0][0 0,0 0,0 0,0 0,0 0,0 0][0 0,0 0,0 0,0 0,0 0,0 0].txt
[1 1,1 0,1 1,0 1,0 1,1 0][1 1,1 1,1 0,0 1,0 1,1 0][0 1,1 1,1 1,0 0,0 0,0 0][0 0,1 0,1 0,0 0,0 0,0 1][0 0,0 0,0 0,0 0,0 0,0 0][0 0,0 0,0 0,0 0,0 0,0 0].txt
[1 1,1 0,1 1,0 1,0 1,1 0][1 1,1 1,1 0,0 1,0 1,1 0][0 1,1 1,1 1,0 1,0 1,0 0][0 0,1 0,1 0,0 1,0 1,0 1][0 0,0 0,0 0,0 0,0 0,0 0][0 0,0 0,0 0,0 0,0 0,0 0].txt
[1 1,1 0,1 1,1 0,0 0,0 0][1 1,1 0,1 1,1 0,0 0,0 0][1 1,1 1,1 0,1 0,0 0,0 0][1 1,1 1,1 0,1 0,0 0,0 0][0 0,0 0,0 0,0 0,0 0,0 0][0 0,0 0,0 0,0 0,0 0,0 0].txt
[1 1,1 0,1 1,1 0,0 0,0 0][1 1,1 0,1 1,1 0,0 0,0 0][1 1,1 1,1 0,1 0,0 0,0 0][1 1,1 1,1 0,1 0,0 0,0 0][0 1,0 1,0 1,0 1,0 0,0 0][0 1,0 1,0 1,0 1,0 0,0 0].txt
[1 1,1 0,1 1,1 0,0 0,0 0][1 1,1 1,1 0,1 0,0 0,0 0][0 1,1 0,1 0,0 0,0 0,0 0][0 0,1 1,1 1,0 1,0 0,0 0][0 0,0 0,0 0,0 0,0 0,0 0][0 0,0 0,0 0,0 0,0 0,0 0].txt
[1 1,1 0,1 1,1 0,0 0,0 0][1 1,1 1,1 0,1 0,0 0,0 0][0 1,1 0,1 0,0 0,0 0,0 0][0 1,0 0,0 0,0 1,0 0,0 0][0 1,0 0,0 0,0 1,0 0,0 0][0 0,1 1,1 1,0 1,0 0,0 0].txt
[1 1,1 0,1 1,1 0,0 0,0 0][1 1,1 1,1 0,1 0,0 0,0 0][0 1,1 1,1 1,0 0,0 0,0 0][0 1,0 1,0 1,0 1,0 0,0 0][0 1,0 1,0 1,0 1,0 0,0 0][0 0,1 0,1 0,0 1,0 0,0 0].txt
[1 1,1 0,1 1,1 0,0 0,0 0][1 1,1 1,1 0,1 0,0 0,0 0][1 1,1 1,1 0,1 0,0 0,0 0][1 1,1 0,1 1,1 0,0 0,0 0][0 0,0 1,0 1,0 0,0 0,0 0][0 0,0 1,0 1,0 0,0 0,0 0].txt
[1 1,1 0,1 1,1 0,0 0,0 0][1 1,1 1,1 0,1 0,0 0,0 0][1 1,1 1,1 0,1 0,0 0,0 0][1 1,1 0,1 1,1 0,0 0,0 0][0 1,0 0,0 0,0 1,0 0,0 0][0 1,0 0,0 0,0 1,0 0,0 0].txt
[1 1,1 1,0 0,0 0,0 0,0 1][1 0,1 1,1 1,0 1,0 1,1 0][1 1,1 0,1 1,0 1,0 1,1 0][1 0,1 0,0 1,0 0,0 0,0 0][0 1,0 1,0 0,0 0,0 0,0 0][0 1,0 1,0 0,0 0,0 0,0 0].txt
[1 1,1 1,0 0,0 0,0 0,0 1][1 1,1 1,0 0,0 0,0 0,0 1][0 1,0 1,1 1,1 1,0 1,0 0][0 1,0 1,1 1,1 1,0 1,0 0][0 1,0 1,0 0,0 0,0 0,0 0][0 0,0 0,0 1,0 1,0 0,0 0].txt
[1 1,1 1,0 0,0 0,0 0,0 1][1 1,1 1,0 0,0 0,0 0,0 1][1 0,1 0,1 1,1 1,0 1,0 1][1 0,1 0,1 1,1 1,0 1,0 1][0 1,0 1,1 0,1 0,0 1,0 0][0 1,0 1,1 0,1 0,0 1,0 0].txt
[1 1,1 1,0 0,0 0,0 0,0 1][1 1,1 1,0 0,0 0,0 1,0 0][0 0,0 1,0 1,0 1,1 0,1 0][0 1,0 0,0 1,0 1,1 0,1 0][0 0,0 0,0 0,0 0,0 0,0 0][0 0,0 0,0 0,0 0,0 0,0 0].txt
[1 1,1 1,0 0,0 0,0 1,0 0][1 1,1 1,0 0,0 0,0 1,0 0][0 1,0 1,0 0,0 0,0 0,0 0][0 0,0 0,0 1,0 1,0 0,0 0][0 0,0 0,0 1,0 1,0 0,0 0][0 0,0 0,0 0,0 0,0 0,0 0].txt
[1 1,1 1,0 0,0 0,0 1,0 0][1 1,1 1,0 0,0 0,0 1,0 0][0 1,0 1,0 1,0 1,0 0,0 0][0 0,0 0,0 1,0 1,0 0,0 0][0 0,0 0,0 0,0 0,0 0,0 0][0 0,0 0,0 0,0 0,0 0,0 0].txt
[1 1,1 1,0 0,0 0,0 1,0 0][1 1,1 1,0 0,0 0,0 1,0 0][0 1,0 1,0 1,0 1,0 0,0 0][0 1,0 1,0 0,0 0,0 0,0 0][0 1,0 1,0 0,0 0,0 0,0 0][0 0,0 0,0 1,0 1,0 0,0 0].txt
[1 1,1 1,0 0,0 0,0 1,0 0][1 1,1 1,0 0,0 0,0 1,0 0][0 1,0 1,0 1,0 1,0 0,0 0][0 1,0 1,0 1,0 1,0 0,0 0][0 1,0 1,0 0,0 0,0 0,0 0][0 0,0 0,0 0,0 0,0 0,0 0].txt
[1 1,1 1,0 0,0 0,0 1,0 0][1 1,1 1,0 0,0 0,0 1,0 0][0 1,0 1,1 1,1 1,0 1,0 0][0 1,0 1,1 1,1 1,0 1,0 0][0 1,0 1,0 1,0 1,0 0,0 0][0 0,0 0,0 0,0 0,0 0,0 0].txt
[1 1,1 1,0 0,0 0,0 1,0 0][1 1,1 1,0 0,0 0,0 1,0 0][1 0,1 0,0 1,0 1,0 1,0 0][1 0,1 0,0 1,0 1,0 1,0 0][0 0,0 0,0 1,0 1,0 0,0 0][0 0,0 0,0 1,0 1,0 0,0 0].txt
[1 1,1 1,0 0,0 0,0 1,0 0][1 1,1 1,0 0,0 0,0 1,0 0][1 0,1 0,0 1,0 1,0 1,0 0][1 0,1 0,0 1,0 1,0 1,0 0][0 1,0 1,0 1,0 1,0 0,0 0][0 1,0 1,0 1,0 1,0 0,0 0].txt
[1 1,1 1,0 0,0 0,0 1,0 0][1 1,1 1,0 0,0 0,0 1,0 0][1 0,1 0,1 0,1 0,0 0,0 0][1 0,1 0,1 0,1 0,0 0,0 0][0 1,0 1,1 1,1 1,0 1,0 0][0 1,0 1,1 1,1 1,0 1,0 0].txt
[1 1,1 1,0 0,0 0,0 1,0 0][1 1,1 1,0 0,0 0,0 1,0 0][1 0,1 0,1 1,1 1,0 1,0 1][1 0,1 0,1 1,1 1,0 1,0 1][0 1,0 1,0 1,0 1,0 0,0 0][0 1,0 1,0 0,0 0,0 0,0 0].txt
[1 1,1 1,0 0,0 0,1 0,1 0][1 0,1 0,0 1,0 1,1 0,1 0][1 1,1 1,1 0,1 0,0 0,0 0][1 0,1 0,1 0,1 0,0 1,0 1][0 0,0 0,0 0,0 0,0 0,0 0][0 0,0 0,0 0,0 0,0 0,0 0].txt
[1 1,1 1,0 0,0 0,1 0,1 0][1 1,1 1,0 0,0 0,1 0,1 0][0 0,1 0,0 1,0 1,0 1,1 0][1 0,0 0,0 1,0 1,1 0,0 1][1 0,0 0,0 1,0 1,1 0,0 1][0 0,1 0,0 1,0 1,0 1,1 0].txt
[1 1,1 1,0 0,0 0,1 0,1 0][1 1,1 1,0 0,0 0,1 0,1 0][0 1,0 1,0 1,0 1,0 0,0 0][0 0,0 0,0 1,0 1,0 1,0 1][0 0,0 0,0 0,0 0,0 0,0 0][0 0,0 0,0 0,0 0,0 0,0 0].txt
[1 1,1 1,0 0,0 0,1 0,1 0][1 1,1 1,0 0,0 0,1 0,1 0][0 1,0 1,0 1,0 1,0 0,0 0][0 1,0 1,0 1,0 1,0 0,0 0][0 1,0 1,0 0,0 0,0 1,0 1][0 0,0 0,0 0,0 0,0 0,0 0].txt
[1 1,1 1,0 0,0 0,1 0,1 0][1 1,1 1,0 0,0 0,1 0,1 0][0 1,0 1,1 0,1 0,1 0,1 0][0 1,0 1,1 0,1 0,1 0,1 0][0 1,0 1,0 1,0 1,0 0,0 0][0 0,0 0,0 0,0 0,0 0,0 0].txt
[1 1,1 1,0 0,0 0,1 0,1 0][1 1,1 1,0 0,0 0,1 0,1 0][0 1,0 1,1 1,1 1,1 0,1 0][0 1,0 1,1 1,1 1,1 0,1 0][0 1,0 1,0 1,0 1,0 0,0 0][0 0,0 0,0 0,0 0,0 0,0 0].txt
[1 1,1 1,0 0,0 0,1 0,1 0][1 1,1 1,0 0,0 0,1 0,1 0][1 0,1 0,0 1,0 1,1 0,1 0][1 0,1 0,0 1,0 1,1 0,1 0][0 0,0 0,0 0,0 0,0 0,0 0][0 0,0 0,0 0,0 0,0 0,0 0].txt
[1 1,1 1,0 0,0 0,1 0,1 0][1 1,1 1,0 0,0 0,1 0,1 0][1 0,1 0,0 1,0 1,1 0,1 0][1 0,1 0,0 1,0 1,1 0,1 0][0 0,0 0,0 1,0 1,0 1,0 1][0 0,0 0,0 1,0 1,0 1,0 1].txt
[1 1,1 1,0 0,0 0,1 0,1 0][1 1,1 1,0 0,0 0,1 0,1 0][1 0,1 0,0 1,0 1,1 0,1 0][1 0,1 0,0 1,0 1,1 0,1 0][0 1,0 1,0 1,0 1,0 0,0 0][0 1,0 1,0 1,0 1,0 0,0 0].txt
[1 1,1 1,0 0,0 0,1 0,1 0][1 1,1 1,0 0,0 0,1 0,1 0][1 0,1 0,1 0,1 0,0 0,0 0][1 0,1 0,1 0,1 0,0 0,0 0][0 0,0 0,0 1,0 1,0 1,0 1][0 0,0 0,0 0,0 0,0 0,0 0].txt
[1 1,1 1,0 0,0 0,1 0,1 0][1 1,1 1,0 0,0 0,1 0,1 0][1 0,1 0,1 1,1 1,0 1,0 1][1 0,1 0,1 1,1 1,0 1,0 1][0 1,0 1,0 1,0 1,0 0,0 0][0 1,0 1,0 0,0 0,0 1,0 1].txt
[1 1,1 1,0 0,0 0,1 0,1 0][1 1,1 1,0 0,0 0,1 0,1 0][1 1,1 1,1 0,1 0,0 0,0 0][1 1,1 1,1 0,1 0,0 0,0 0][0 1,0 1,0 1,0 1,0 0,0 0][0 1,0 1,0 0,0 0,0 1,0 1].txt
[1 1,1 1,0 0,0 0,1 0,1 0][1 1,1 1,1 0,1 0,0 0,0 0][1 0,1 0,1 0,1 0,0 1,0 1][1 0,1 0,0 1,0 1,1 0,1 0][0 0,0 0,0 1,0 1,0 1,0 1][0 0,0 0,0 1,0 1,0 1,0 1].txt
[1 1,1 1,0 0,0 1,0 0,0 0][1 0,1 0,0 0,0 1,0 0,0 0][1 1,1 1,0 1,0 0,0 0,0 0][1 0,1 0,0 1,0 0,0 0,0 0][0 0,0 0,0 0,0 0,0 0,0 0][0 0,0 0,0 0,0 0,0 0,0 0].txt
[1 1,1 1,0 0,0 1,0 0,0 0][1 0,1 0,0 0,0 1,0 0,0 0][1 1,1 1,0 1,0 0,0 0,0 0][1 0,1 0,0 1,0 0,0 0,0 0][0 1,0 1,0 0,0 0,0 0,0 0][0 1,0 1,0 0,0 0,0 0,0 0].txt
[1 1,1 1,0 0,0 1,0 0,0 0][1 1,1 1,0 0,0 1,0 0,0 0][0 1,0 1,0 0,0 0,0 1,0 1][0 0,0 0,0 1,0 0,1 0,1 0][0 0,0 0,0 1,0 0,1 0,1 0][0 0,0 0,0 0,0 0,0 0,0 0].txt
[1 1,1 1,0 0,0 1,0 0,0 0][1 1,1 1,0 0,0 1,0 0,0 0][0 1,0 1,0 1,0 0,1 0,1 0][0 1,0 1,0 1,0 0,1 0,1 0][0 1,0 1,0 0,0 0,0 1,0 1][0 0,0 0,0 0,0 0,0 0,0 0].txt
[1 1,1 1,0 0,0 1,0 0,0 0][1 1,1 1,0 0,0 1,0 0,0 0][1 0,1 0,0 1,0 0,0 0,0 0][1 0,1 0,0 1,0 0,0 0,0 0][0 0,0 0,0 0,0 0,0 0,0 0][0 0,0 0,0 0,0 0,0 0,0 0].txt
[1 1,1 1,0 0,0 1,0 0,0 0][1 1,1 1,0 0,0 1,0 0,0 0][1 0,1 0,0 1,0 0,0 0,0 0][1 0,1 0,0 1,0 0,0 0,0 0][0 0,0 0,0 1,0 1,0 0,0 0][0 0,0 0,0 1,0 1,0 0,0 0].txt
[1 1,1 1,0 0,0 1,0 0,0 0][1 1,1 1,0 0,0 1,0 0,0 0][1 0,1 0,0 1,0 0,0 0,0 0][1 0,1 0,0 1,0 0,0 0,0 0][0 1,0 1,0 0,0 0,0 0,0 0][0 1,0 1,0 0,0 0,0 0,0 0].txt
[1 1,1 1,0 0,0 1,0 0,0 0][1 1,1 1,0 0,0 1,0 0,0 0][1 0,1 0,0 1,0 0,0 0,0 0][1 0,1 0,0 1,0 0,0 0,0 0][0 1,0 1,0 1,0 1,0 0,0 0][0 1,0 1,0 1,0 1,0 0,0 0].txt
[1 1,1 1,0 0,0 1,0 0,0 0][1 1,1 1,0 0,0 1,0 0,0 0][1 0,1 0,0 1,0 1,1 0,1 0][1 0,1 0,0 1,0 1,1 0,1 0][0 0,0 0,0 1,0 0,1 0,1 0][0 0,0 0,0 1,0 0,1 0,1 0].txt
[1 1,1 1,0 0,0 1,0 0,0 0][1 1,1 1,0 0,0 1,0 0,0 0][1 1,1 0,1 1,1 0,0 0,0 0][1 1,1 0,1 1,1 0,0 0,0 0][0 0,0 1,1 0,1 0,0 0,0 0][0 0,0 1,1 0,1 0,0 0,0 0].txt
[1 1,1 1,0 0,0 1,0 0,0 0][1 1,1 1,0 0,0 1,0 0,0 0][1 1,1 0,1 1,1 0,0 0,0 0][1 1,1 0,1 1,1 0,0 0,0 0][0 1,0 1,0 1,0 1,0 0,0 0][0 1,0 1,0 0,0 0,0 0,0 0].txt
[1 1,1 1,0 0,0 1,0 0,0 0][1 1,1 1,0 0,0 1,0 0,0 0][1 1,1 1,0 1,0 0,0 0,0 0][1 1,1 1,0 1,0 0,0 0,0 0][0 0,0 0,0 0,0 0,0 0,0 0][0 0,0 0,0 0,0 0,0 0,0 0].txt
[1 1,1 1,0 0,0 1,0 0,0 0][1 1,1 1,0 0,0 1,0 0,0 0][1 1,1 1,0 1,0 0,0 0,0 0][1 1,1 1,0 1,0 0,0 0,0 0][0 1,0 1,0 0,0 0,0 0,0 0][0 1,0 1,0 0,0 0,0 0,0 0].txt
[1 1,1 1,0 0,0 1,0 0,0 0][1 1,1 1,0 1,0 0,0 0,0 0][0 0,0 1,1 0,1 0,0 0,0 0][0 1,0 0,1 0,1 0,0 0,0 0][0 0,0 0,0 1,0 1,0 0,0 0][0 0,0 0,0 1,0 1,0 0,0 0].txt
[1 1,1 1,0 0,0 1,0 0,0 0][1 1,1 1,0 1,0 0,0 0,0 0][0 1,0 1,0 0,0 0,0 0,0 0][0 1,0 1,0 0,0 0,0 0,0 0][0 0,0 1,1 0,1 0,0 0,0 0][0 1,0 0,1 0,1 0,0 0,0 0].txt
[1 1,1 1,0 0,0 1,0 0,0 0][1 1,1 1,0 1,0 0,0 0,0 0][0 1,0 1,0 0,0 0,0 0,0 0][0 1,0 1,0 0,0 0,0 0,0 0][0 0,0 1,1 1,1 1,0 1,0 1][0 1,0 0,1 1,1 1,0 1,0 1].txt
[1 1,1 1,0 0,0 1,0 0,0 0][1 1,1 1,0 1,0 0,0 0,0 0][1 1,1 1,0 1,0 0,0 0,0 0][1 1,1 1,0 0,0 1,0 0,0 0][0 0,0 0,0 1,0 1,0 0,0 0][0 0,0 0,0 1,0 1,0 0,0 0].txt
[1 1,1 1,0 0,0 1,0 1,0 1][1 1,1 1,0 0,0 1,0 0,0 0][0 1,0 1,0 1,0 0,1 0,1 0][0 1,0 1,0 0,0 0,0 0,0 0][0 1,0 1,0 0,0 0,0 0,0 0][0 0,0 0,0 1,0 0,1 0,1 0].txt
[1 1,1 1,0 0,0 1,0 1,0 1][1 1,1 1,0 0,0 1,0 1,0 1][0 0,0 0,0 1,0 0,0 0,0 1][1 0,1 0,0 1,0 1,0 1,0 0][1 0,1 0,0 1,0 1,0 1,0 0][0 0,0 0,0 1,0 0,0 0,0 1].txt
[1 1,1 1,0 0,0 1,0 1,0 1][1 1,1 1,0 0,0 1,0 1,0 1][0 0,0 0,0 1,0 0,0 0,0 1][1 1,1 1,0 1,0 1,0 1,0 0][1 1,1 1,0 1,0 1,0 1,0 0][0 0,0 0,0 1,0 0,0 0,0 1].txt
[1 1,1 1,0 0,0 1,0 1,0 1][1 1,1 1,0 0,0 1,0 1,0 1][1 0,1 0,0 1,0 0,0 1,0 1][1 0,1 0,0 1,0 0,0 1,0 1][0 0,0 0,0 1,0 1,0 0,0 0][0 0,0 0,0 1,0 1,0 0,0 0].txt
[1 1,1 1,0 0,0 1,0 1,0 1][1 1,1 1,0 0,0 1,0 1,0 1][1 0,1 0,0 1,0 1,1 0,1 0][1 0,1 0,0 1,0 1,1 0,1 0][0 1,0 1,0 1,0 0,1 0,1 0][0 1,0 1,0 1,0 0,1 0,1 0].txt
[1 1,1 1,0 0,0 1,0 1,0 1][1 1,1 1,0 1,0 0,0 1,0 1][0 1,0 1,0 0,0 0,0 0,0 0][0 1,0 1,0 0,0 0,0 0,0 0][0 0,0 1,1 1,1 1,0 0,0 0][0 1,0 0,1 1,1 1,0 0,0 0].txt
[1 1,1 1,0 0,0 1,0 1,0 1][1 1,1 1,0 1,0 0,0 1,0 1][1 0,1 0,0 1,0 0,0 1,0 1][1 0,1 0,0 0,0 1,0 1,0 1][0 0,0 0,0 1,0 1,0 0,0 0][0 0,0 0,0 1,0 1,0 0,0 0].txt
[1 1,1 1,0 0,0 1,0 1,0 1][1 1,1 1,0 1,0 0,0 1,0 1][1 1,1 1,0 1,0 0,0 1,0 1][1 1,1 1,0 0,0 1,0 1,0 1][0 0,0 0,0 1,0 1,0 0,0 0][0 0,0 0,0 1,0 1,0 0,0 0].txt
[1 1,1 1,0 0,1 0,1 0,0 0][1 1,1 1,0 0,1 0,1 0,0 0][0 1,0 1,0 1,1 0,1 0,0 0][0 1,0 1,0 1,1 0,1 0,0 0][0 1,0 1,0 0,0 0,0 0,0 0][0 0,0 0,0 0,0 0,0 0,0 0].txt
[1 1,1 1,0 0,1 0,1 0,0 0][1 1,1 1,0 0,1 0,1 0,0 0][1 0,1 0,0 1,0 0,0 0,0 0][1 0,1 0,0 1,0 0,0 0,0 0][0 0,0 0,0 0,0 1,0 1,0 0][0 0,0 0,0 0,0 0,0 0,0 0].txt
[1 1,1 1,0 0,1 0,1 0,0 0][1 1,1 1,0 0,1 0,1 0,0 0][1 0,1 0,0 1,0 0,0 0,0 0][1 0,1 0,0 1,0 0,0 0,0 0][0 0,0 0,0 1,1 0,1 0,0 0][0 0,0 0,0 1,1 0,1 0,0 0].txt
[1 1,1 1,0 0,1 0,1 0,0 0][1 1,1 1,0 0,1 0,1 0,0 0][1 0,1 0,0 1,0 1,0 1,0 0][1 0,1 0,0 1,0 1,0 1,0 0][0 1,0 1,0 1,1 0,1 0,0 0][0 1,0 1,0 1,1 0,1 0,0 0].txt
[1 1,1 1,0 1,0 0,0 0,0 0][1 0,1 1,1 1,1 0,0 0,0 0][1 1,1 0,1 1,1 0,0 0,0 0][1 0,1 0,0 0,0 1,0 0,0 0][0 1,0 1,0 0,0 0,0 0,0 0][0 1,0 1,0 0,0 0,0 0,0 0].txt
[1 1,1 1,0 1,0 0,0 0,0 0][1 1,1 1,0 0,1 0,1 0,0 0][1 0,1 0,0 1,0 1,0 1,0 0][1 0,1 0,0 0,1 0,1 0,0 0][0 0,0 0,0 0,0 0,0 0,0 0][0 0,0 0,0 0,0 0,0 0,0 0].txt
[1 1,1 1,0 1,0 0,0 0,0 0][1 1,1 1,0 1,0 0,0 0,0 0][0 1,0 1,0 0,0 0,0 0,0 0][0 0,0 0,0 0,0 0,0 0,0 0][0 0,0 0,0 0,0 0,0 0,0 0][0 0,0 0,0 0,0 0,0 0,0 0].txt
[1 1,1 1,0 1,0 0,0 0,0 0][1 1,1 1,0 1,0 0,0 0,0 0][0 1,0 1,0 0,0 0,0 0,0 0][0 0,0 0,0 1,0 1,0 0,0 0][0 0,0 0,0 1,0 1,0 0,0 0][0 0,0 0,0 0,0 0,0 0,0 0].txt
[1 1,1 1,0 1,0 0,0 0,0 0][1 1,1 1,0 1,0 0,0 0,0 0][0 1,0 1,0 0,0 0,0 0,0 0][0 0,0 0,0 1,1 0,1 0,0 0][0 0,0 0,0 1,1 0,1 0,0 0][0 0,0 0,0 0,0 1,0 1,0 0].txt
[1 1,1 1,0 1,0 0,0 0,0 0][1 1,1 1,0 1,0 0,0 0,0 0][0 1,0 1,0 0,0 0,0 0,0 0][0 1,0 0,1 0,0 1,0 1,1 0][0 1,0 0,1 0,0 1,0 1,1 0][0 0,0 0,0 1,0 0,0 0,0 1].txt
[1 1,1 1,0 1,0 0,0 0,0 0][1 1,1 1,0 1,0 0,0 0,0 0][0 1,0 1,0 0,0 0,0 0,0 0][0 1,0 1,0 0,0 0,0 0,0 0][0 1,0 1,0 0,0 0,0 0,0 0][0 0,0 0,0 0,0 0,0 0,0 0].txt
[1 1,1 1,0 1,0 0,0 0,0 0][1 1,1 1,0 1,0 0,0 0,0 0][0 1,0 1,0 1,0 1,0 0,0 0][0 0,0 0,0 1,0 1,0 0,0 0][0 0,0 0,0 0,0 0,0 0,0 0][0 0,0 0,0 0,0 0,0 0,0 0].txt
[1 1,1 1,0 1,0 0,0 0,0 0][1 1,1 1,0 1,0 0,0 0,0 0][0 1,0 1,0 1,0 1,0 0,0 0][0 1,0 0,1 0,1 0,0 0,0 0][0 1,0 0,1 0,1 0,0 0,0 0][0 0,0 0,0 0,0 0,0 0,0 0].txt
[1 1,1 1,0 1,0 0,0 0,0 0][1 1,1 1,0 1,0 0,0 0,0 0][0 1,0 1,0 1,0 1,0 0,0 0][0 1,0 1,0 1,0 1,0 0,0 0][0 1,0 1,0 0,0 0,0 0,0 0][0 0,0 0,0 0,0 0,0 0,0 0].txt
[1 1,1 1,0 1,0 0,0 0,0 0][1 1,1 1,0 1,0 0,0 0,0 0][0 1,0 1,0 1,1 0,1 0,0 0][0 1,0 1,0 1,1 0,1 0,0 0][0 1,0 1,0 0,0 0,0 0,0 0][0 0,0 0,0 0,0 1,0 1,0 0].txt
[1 1,1 1,0 1,0 0,0 0,0 0][1 1,1 1,0 1,0 0,0 0,0 0][1 0,1 0,0 0,1 0,1 0,0 0][1 0,1 0,0 0,1 0,1 0,0 0][0 1,0 1,0 0,0 1,0 1,0 0][0 1,0 1,0 0,0 0,0 0,0 0].txt
[1 1,1 1,0 1,0 0,0 0,0 0][1 1,1 1,0 1,0 0,0 0,0 0][1 0,1 0,0 1,0 0,0 0,0 0][1 0,1 0,0 1,0 0,0 0,0 0][0 0,0 0,0 0,0 0,0 0,0 0][0 0,0 0,0 0,0 0,0 0,0 0].txt
[1 1,1 1,0 1,0 0,0 0,0 0][1 1,1 1,0 1,0 0,0 0,0 0][1 0,1 0,0 1,0 0,0 0,0 0][1 0,1 0,0 1,0 0,0 0,0 0][0 1,0 1,0 0,0 0,0 0,0 0][0 1,0 1,0 0,0 0,0 0,0 0].txt
[1 1,1 1,0 1,0 0,0 0,0 0][1 1,1 1,0 1,0 0,0 0,0 0][1 0,1 0,0 1,0 1,0 1,0 0][1 0,1 0,0 1,0 1,0 1,0 0][0 0,0 0,0 0,0 0,0 0,0 0][0 0,0 0,0 0,0 0,0 0,0 0].txt
[1 1,1 1,0 1,0 0,0 0,0 0][1 1,1 1,0 1,0 0,0 0,0 0][1 0,1 0,0 1,0 1,0 1,0 0][1 0,1 0,0 1,0 1,0 1,0 0][0 1,0 1,0 0,0 0,0 0,0 0][0 1,0 1,0 0,0 0,0 0,0 0].txt
[1 1,1 1,0 1,0 0,0 0,0 0][1 1,1 1,0 1,0 0,0 0,0 0][1 0,1 0,0 1,0 1,1 0,1 0][1 0,1 0,0 1,0 1,1 0,1 0][0 0,0 0,0 0,0 0,0 1,0 1][0 0,0 0,0 0,0 0,0 0,0 0].txt
[1 1,1 1,0 1,0 0,0 0,0 0][1 1,1 1,0 1,0 0,0 0,0 0][1 1,1 1,0 0,1 0,1 0,0 0][1 1,1 1,0 0,1 0,1 0,0 0][0 1,0 1,0 0,0 1,0 1,0 0][0 1,0 1,0 0,0 0,0 0,0 0].txt
[1 1,1 1,0 1,0 0,0 0,0 0][1 1,1 1,0 1,0 0,0 0,0 0][1 1,1 1,0 1,0 0,0 0,0 0][1 1,1 1,0 1,0 0,0 0,0 0][0 0,0 0,0 0,0 0,0 0,0 0][0 0,0 0,0 0,0 0,0 0,0 0].txt
[1 1,1 1,0 1,0 0,0 0,0 0][1 1,1 1,0 1,0 0,0 0,0 0][1 1,1 1,0 1,0 0,0 0,0 0][1 1,1 1,0 1,0 0,0 0,0 0][0 1,0 1,0 0,0 0,0 0,0 0][0 1,0 1,0 0,0 0,0 0,0 0].txt
[1 1,1 1,0 1,0 0,0 1,0 1][1 1,1 1,0 1,0 0,0 1,0 1][0 1,0 1,0 0,0 0,0 0,0 0][0 0,0 0,0 1,0 1,0 0,0 0][0 0,0 0,0 1,0 1,0 0,0 0][0 0,0 0,0 0,0 0,0 0,0 0].txt
[1 1,1 1,0 1,0 0,0 1,0 1][1 1,1 1,0 1,0 0,0 1,0 1][0 1,0 1,0 1,0 1,0 0,0 0][0 0,0 0,0 1,0 1,0 0,0 0][0 0,0 0,0 0,0 0,0 0,0 0][0 0,0 0,0 0,0 0,0 0,0 0].txt
[1 1,1 1,0 1,0 0,0 1,0 1][1 1,1 1,0 1,0 0,0 1,0 1][0 1,0 1,0 1,0 1,0 0,0 0][0 1,0 1,0 0,0 0,0 0,0 0][0 1,0 1,0 0,0 0,0 0,0 0][0 0,0 0,0 1,0 1,0 0,0 0].txt
[1 1,1 1,0 1,0 1,0 0,0 1][1 1,1 1,0 0,0 0,0 0,0 1][0 1,0 1,1 0,1 0,0 1,0 0][0 0,0 0,1 0,1 0,0 1,0 0][0 0,0 0,0 1,0 1,0 0,0 0][0 0,0 0,0 1,0 1,0 0,0 0].txt
[1 1,1 1,0 1,0 1,0 0,0 1][1 1,1 1,0 1,0 1,0 0,0 1][0 1,0 1,0 1,0 1,0 0,0 0][0 0,0 0,1 0,1 0,0 1,0 0][0 0,0 0,1 0,1 0,0 1,0 0][0 0,0 0,0 0,0 0,0 0,0 0].txt
[1 1,1 1,0 1,0 1,0 0,0 1][1 1,1 1,0 1,0 1,0 0,0 1][0 1,0 1,1 0,1 0,0 1,0 0][0 1,0 1,1 0,1 0,0 1,0 0][0 1,0 1,0 1,0 1,0 0,0 0][0 0,0 0,0 0,0 0,0 0,0 0].txt
[1 1,1 1,0 1,0 1,0 0,0 1][1 1,1 1,0 1,0 1,0 0,0 1][1 0,1 0,0 1,0 1,0 1,0 0][1 0,1 0,0 1,0 1,0 1,0 0][0 0,0 0,0 0,0 0,0 0,0 0][0 0,0 0,0 0,0 0,0 0,0 0].txt
[1 1,1 1,0 1,0 1,0 0,0 1][1 1,1 1,0 1,0 1,0 1,0 0][0 0,0 1,0 0,0 0,1 0,1 0][0 1,0 0,0 0,0 0,1 0,1 0][0 0,0 0,0 0,0 0,0 0,0 0][0 0,0 0,0 0,0 0,0 0,0 0].txt
[1 1,1 1,0 1,0 1,0 0,0 1][1 1,1 1,0 1,0 1,0 1,0 0][1 0,1 0,0 1,0 1,0 1,0 0][1 0,1 0,0 1,0 1,0 0,0 1][0 0,0 0,0 0,0 0,0 0,0 0][0 0,0 0,0 0,0 0,0 0,0 0].txt
[1 1,1 1,0 1,0 1,0 0,0 1][1 1,1 1,0 1,0 1,0 1,0 0][1 1,1 1,0 1,0 1,0 1,0 0][1 1,1 1,0 1,0 1,0 0,0 1][0 1,0 1,0 0,0 0,0 0,0 0][0 1,0 1,0 0,0 0,0 0,0 0].txt
[1 1,1 1,0 1,0 1,0 1,0 0][1 0,1 0,0 1,0 0,0 0,0 0][1 1,1 1,0 0,1 0,1 0,0 0][1 0,1 0,0 0,1 0,1 0,0 0][0 1,0 1,0 0,0 0,0 0,0 0][0 1,0 1,0 0,0 0,0 0,0 0].txt
[1 1,1 1,0 1,0 1,0 1,0 0][1 0,1 0,0 1,0 1,0 1,0 0][1 1,1 1,0 1,0 0,0 0,0 0][1 0,1 0,0 1,0 0,0 0,0 0][0 0,0 0,0 0,0 0,0 0,0 0][0 0,0 0,0 0,0 0,0 0,0 0].txt
[1 1,1 1,0 1,0 1,0 1,0 0][1 0,1 0,0 1,0 1,0 1,0 0][1 1,1 1,0 1,0 0,0 0,0 0][1 0,1 0,0 1,0 0,0 0,0 0][0 1,0 1,0 0,0 0,0 0,0 0][0 1,0 1,0 0,0 0,0 0,0 0].txt
[1 1,1 1,0 1,0 1,0 1,0 0][1 1,1 1,0 1,0 0,0 0,0 0][0 1,0 1,0 1,1 0,1 0,0 0][0 0,0 0,0 1,1 0,1 0,0 0][0 0,0 0,0 0,0 0,0 0,0 0][0 0,0 0,0 0,0 0,0 0,0 0].txt
[1 1,1 1,0 1,0 1,0 1,0 0][1 1,1 1,0 1,0 0,0 0,0 0][0 1,0 1,0 1,1 0,1 0,0 0][0 1,0 1,0 0,0 1,0 1,0 0][0 1,0 1,0 0,0 1,0 1,0 0][0 0,0 0,0 1,1 0,1 0,0 0].txt
[1 1,1 1,0 1,0 1,0 1,0 0][1 1,1 1,0 1,0 1,0 1,0 0][0 0,0 0,0 0,0 1,0 1,0 0][1 0,1 0,0 1,0 0,0 0,0 0][1 0,1 0,0 1,0 0,0 0,0 0][0 0,0 0,0 0,0 1,0 1,0 0].txt
[1 1,1 1,0 1,0 1,0 1,0 0][1 1,1 1,0 1,0 1,0 1,0 0][0 0,0 0,0 0,0 1,0 1,0 0][1 1,1 1,0 1,0 0,0 0,0 0][1 1,1 1,0 1,0 0,0 0,0 0][0 0,0 0,0 0,0 1,0 1,0 0].txt
[1 1,1 1,0 1,0 1,0 1,0 0][1 1,1 1,0 1,0 1,0 1,0 0][0 1,0 1,0 0,0 0,0 0,0 0][0 0,0 0,0 0,0 0,0 0,0 0][0 0,0 0,0 0,0 0,0 0,0 0][0 0,0 0,0 0,0 0,0 0,0 0].txt
[1 1,1 1,0 1,0 1,0 1,0 0][1 1,1 1,0 1,0 1,0 1,0 0][0 1,0 1,0 0,0 0,0 0,0 0][0 0,0 0,0 1,0 1,0 0,0 0][0 0,0 0,0 1,0 1,0 0,0 0][0 0,0 0,0 0,0 0,0 0,0 0].txt
[1 1,1 1,0 1,0 1,0 1,0 0][1 1,1 1,0 1,0 1,0 1,0 0][0 1,0 1,0 0,0 0,0 0,0 0][0 0,0 0,0 1,1 0,1 0,0 0][0 0,0 0,0 1,1 0,1 0,0 0][0 0,0 0,0 0,0 1,0 1,0 0].txt
[1 1,1 1,0 1,0 1,0 1,0 0][1 1,1 1,0 1,0 1,0 1,0 0][0 1,0 1,0 0,0 0,0 0,0 0][0 1,0 0,1 0,0 0,0 0,1 0][0 1,0 0,1 0,0 0,0 0,1 0][0 0,0 0,0 1,0 0,0 0,0 1].txt
[1 1,1 1,0 1,0 1,0 1,0 0][1 1,1 1,0 1,0 1,0 1,0 0][0 1,0 1,0 0,0 0,0 0,0 0][0 1,0 1,0 0,0 0,0 0,0 0][0 1,0 1,0 0,0 0,0 0,0 0][0 0,0 0,0 0,0 0,0 0,0 0].txt
[1 1,1 1,0 1,0 1,0 1,0 0][1 1,1 1,0 1,0 1,0 1,0 0][0 1,0 1,0 0,0 0,0 1,0 1][0 1,0 0,0 1,0 1,1 0,1 0][0 1,0 0,0 1,0 1,1 0,1 0][0 0,0 0,0 0,0 0,0 0,0 0].txt
[1 1,1 1,0 1,0 1,0 1,0 0][1 1,1 1,0 1,0 1,0 1,0 0][0 1,0 1,0 0,0 1,0 1,0 0][1 0,1 0,0 1,0 0,0 0,0 0][1 0,1 0,0 1,0 0,0 0,0 0][0 1,0 1,0 0,0 1,0 1,0 0].txt
[1 1,1 1,0 1,0 1,0 1,0 0][1 1,1 1,0 1,0 1,0 1,0 0][0 1,0 1,0 0,0 1,0 1,0 0][1 1,1 1,0 1,0 0,0 0,0 0][1 1,1 1,0 1,0 0,0 0,0 0][0 1,0 1,0 0,0 1,0 1,0 0].txt
[1 1,1 1,0 1,0 1,0 1,0 0][1 1,1 1,0 1,0 1,0 1,0 0][0 1,0 1,0 1,0 1,0 0,0 0][0 0,0 0,0 1,0 1,0 0,0 0][0 0,0 0,0 0,0 0,0 0,0 0][0 0,0 0,0 0,0 0,0 0,0 0].txt
[1 1,1 1,0 1,0 1,0 1,0 0][1 1,1 1,0 1,0 1,0 1,0 0][0 1,0 1,0 1,0 1,0 0,0 0][0 1,0 1,0 1,0 1,0 0,0 0][0 1,0 1,0 0,0 0,0 0,0 0][0 0,0 0,0 0,0 0,0 0,0 0].txt
[1 1,1 1,0 1,0 1,0 1,0 0][1 1,1 1,0 1,0 1,0 1,0 0][0 1,0 1,0 1,1 0,1 0,0 0][0 1,0 1,0 1,1 0,1 0,0 0][0 1,0 1,0 0,0 0,0 0,0 0][0 0,0 0,0 0,0 1,0 1,0 0].txt
[1 1,1 1,0 1,0 1,0 1,0 0][1 1,1 1,0 1,0 1,0 1,0 0][1 0,1 0,0 0,0 0,0 1,0 0][1 0,1 0,0 0,0 0,0 1,0 0][0 0,0 0,0 1,0 1,0 0,0 0][0 0,0 0,0 1,0 1,0 0,0 0].txt
[1 1,1 1,0 1,0 1,0 1,0 0][1 1,1 1,0 1,0 1,0 1,0 0][1 0,1 0,0 0,0 0,0 1,0 0][1 0,1 0,0 0,0 0,0 1,0 0][0 1,0 1,0 1,0 1,0 0,0 0][0 1,0 1,0 1,0 1,0 0,0 0].txt
[1 1,1 1,0 1,0 1,0 1,0 0][1 1,1 1,0 1,0 1,0 1,0 0][1 0,1 0,0 0,1 0,1 0,0 0][1 0,1 0,0 0,1 0,1 0,0 0][0 0,0 0,0 1,1 0,1 0,0 0][0 0,0 0,0 1,1 0,1 0,0 0].txt
[1 1,1 1,0 1,0 1,0 1,0 0][1 1,1 1,0 1,0 1,0 1,0 0][1 0,1 0,0 1,0 0,0 0,0 0][1 0,1 0,0 1,0 0,0 0,0 0][0 0,0 0,0 0,0 0,0 0,0 0][0 0,0 0,0 0,0 0,0 0,0 0].txt
[1 1,1 1,0 1,0 1,0 1,0 0][1 1,1 1,0 1,0 1,0 1,0 0][1 0,1 0,0 1,0 0,0 0,0 0][1 0,1 0,0 1,0 0,0 0,0 0][0 1,0 1,0 0,0 0,0 0,0 0][0 1,0 1,0 0,0 0,0 0,0 0].txt
[1 1,1 1,0 1,0 1,0 1,0 0][1 1,1 1,0 1,0 1,0 1,0 0][1 0,1 0,0 1,0 1,0 1,0 0][1 0,1 0,0 1,0 1,0 1,0 0][0 0,0 0,0 0,0 0,0 0,0 0][0 0,0 0,0 0,0 0,0 0,0 0].txt
[1 1,1 1,0 1,0 1,0 1,0 0][1 1,1 1,0 1,0 1,0 1,0 0][1 0,1 0,0 1,0 1,0 1,0 0][1 0,1 0,0 1,0 1,0 1,0 0][0 1,0 1,0 0,0 0,0 0,0 0][0 1,0 1,0 0,0 0,0 0,0 0].txt
[1 1,1 1,0 1,0 1,0 1,0 0][1 1,1 1,0 1,0 1,0 1,0 0][1 0,1 0,0 1,1 0,1 0,0 1][1 0,1 0,0 1,1 0,1 0,0 1][0 1,0 1,0 0,0 1,0 1,0 0][0 1,0 1,0 0,0 0,0 0,0 0].txt
[1 1,1 1,0 1,0 1,0 1,0 0][1 1,1 1,0 1,0 1,0 1,0 0][1 0,1 0,1 0,1 0,0 0,0 0][1 0,1 0,1 0,1 0,0 0,0 0][0 0,0 0,0 1,0 1,0 0,0 0][0 0,0 0,0 0,0 0,0 0,0 0].txt
[1 1,1 1,0 1,0 1,0 1,0 0][1 1,1 1,0 1,0 1,0 1,0 0][1 1,1 1,0 0,0 0,0 1,0 0][1 1,1 1,0 0,0 0,0 1,0 0][0 0,0 0,0 1,0 1,0 0,0 0][0 0,0 0,0 1,0 1,0 0,0 0].txt
[1 1,1 1,0 1,0 1,0 1,0 0][1 1,1 1,0 1,0 1,0 1,0 0][1 1,1 1,0 0,0 0,0 1,0 0][1 1,1 1,0 0,0 0,0 1,0 0][0 1,0 1,0 1,0 1,0 0,0 0][0 1,0 1,0 1,0 1,0 0,0 0].txt
[1 1,1 1,0 1,0 1,0 1,0 0][1 1,1 1,0 1,0 1,0 1,0 0][1 1,1 1,0 0,1 0,1 0,0 0][1 1,1 1,0 0,1 0,1 0,0 0][0 1,0 1,0 1,1 0,1 0,0 0][0 1,0 1,0 1,1 0,1 0,0 0].txt
[1 1,1 1,0 1,0 1,0 1,0 0][1 1,1 1,0 1,0 1,0 1,0 0][1 1,1 1,0 1,0 0,0 0,0 0][1 1,1 1,0 1,0 0,0 0,0 0][0 0,0 0,0 0,0 0,0 0,0 0][0 0,0 0,0 0,0 0,0 0,0 0].txt
[1 1,1 1,0 1,0 1,0 1,0 0][1 1,1 1,0 1,0 1,0 1,0 0][1 1,1 1,0 1,0 0,0 0,0 0][1 1,1 1,0 1,0 0,0 0,0 0][0 1,0 1,0 0,0 0,0 0,0 0][0 1,0 1,0 0,0 0,0 0,0 0].txt
[1 1,1 1,0 1,0 1,0 1,0 0][1 1,1 1,0 1,0 1,0 1,0 0][1 1,1 1,0 1,0 1,0 1,0 0][1 1,1 1,0 1,0 1,0 1,0 0][0 0,0 0,0 0,0 0,0 0,0 0][0 0,0 0,0 0,0 0,0 0,0 0].txt
[1 1,1 1,0 1,0 1,0 1,0 0][1 1,1 1,0 1,0 1,0 1,0 0][1 1,1 1,0 1,0 1,0 1,0 0][1 1,1 1,0 1,0 1,0 1,0 0][0 1,0 1,0 0,0 0,0 0,0 0][0 1,0 1,0 0,0 0,0 0,0 0].txt
[1 1,1 1,0 1,0 1,1 0,1 0][1 1,1 1,0 1,0 0,0 1,0 1][1 0,1 0,0 1,0 1,1 0,1 0][1 0,1 0,0 1,0 0,0 0,0 0][0 0,0 0,0 0,0 0,0 0,0 0][0 0,0 0,0 0,0 0,0 0,0 0].txt
[1 1,1 1,0 1,0 1,1 0,1 0][1 1,1 1,0 1,0 1,1 0,1 0][0 0,0 0,0 0,0 1,1 0,1 0][1 0,1 0,0 1,0 0,0 1,0 1][1 0,1 0,0 1,0 0,0 1,0 1][0 0,0 0,0 0,0 1,1 0,1 0].txt
[1 1,1 1,0 1,0 1,1 0,1 0][1 1,1 1,0 1,0 1,1 0,1 0][0 0,0 1,0 0,0 0,0 0,0 1][0 1,0 0,0 0,0 0,0 1,0 0][0 0,0 0,0 0,0 0,0 0,0 0][0 0,0 0,0 0,0 0,0 0,0 0].txt
[1 1,1 1,0 1,0 1,1 0,1 0][1 1,1 1,0 1,0 1,1 0,1 0][0 1,0 1,0 0,0 0,0 0,0 0][0 0,0 0,0 0,0 0,0 1,0 1][0 0,0 0,0 0,0 0,0 0,0 0][0 0,0 0,0 0,0 0,0 0,0 0].txt
[1 1,1 1,0 1,0 1,1 0,1 0][1 1,1 1,0 1,0 1,1 0,1 0][0 1,0 1,0 0,0 0,0 0,0 0][0 0,0 0,0 1,0 0,1 0,1 0][0 0,0 0,0 1,0 0,1 0,1 0][0 0,0 0,0 0,0 0,0 0,0 0].txt
[1 1,1 1,0 1,0 1,1 0,1 0][1 1,1 1,0 1,0 1,1 0,1 0][0 1,0 1,0 0,0 0,0 1,0 1][0 0,0 0,0 0,0 0,0 0,0 0][0 0,0 0,0 0,0 0,0 0,0 0][0 0,0 0,0 0,0 0,0 0,0 0].txt
[1 1,1 1,0 1,0 1,1 0,1 0][1 1,1 1,0 1,0 1,1 0,1 0][0 1,0 1,0 0,0 0,0 1,0 1][0 0,0 0,0 1,0 1,0 1,0 1][0 0,0 0,0 1,0 1,0 1,0 1][0 0,0 0,0 0,0 0,0 0,0 0].txt
[1 1,1 1,0 1,0 1,1 0,1 0][1 1,1 1,0 1,0 1,1 0,1 0][0 1,0 1,0 0,0 0,0 1,0 1][0 1,0 1,0 0,0 0,0 0,0 0][0 1,0 1,0 0,0 0,0 0,0 0][0 0,0 0,0 0,0 0,0 0,0 0].txt
[1 1,1 1,0 1,0 1,1 0,1 0][1 1,1 1,0 1,0 1,1 0,1 0][0 1,0 1,0 0,0 1,1 0,1 0][1 1,1 1,0 1,0 0,0 0,0 0][1 1,1 1,0 1,0 0,0 0,0 0][0 1,0 1,0 0,0 1,1 0,1 0].txt
[1 1,1 1,0 1,0 1,1 0,1 0][1 1,1 1,0 1,0 1,1 0,1 0][0 1,0 1,0 1,0 1,0 0,0 0][0 0,0 0,0 1,0 1,0 1,0 1][0 0,0 0,0 0,0 0,0 0,0 0][0 0,0 0,0 0,0 0,0 0,0 0].txt
[1 1,1 1,0 1,0 1,1 0,1 0][1 1,1 1,0 1,0 1,1 0,1 0][0 1,0 1,0 1,0 1,0 0,0 0][0 1,0 1,0 1,0 1,0 0,0 0][0 1,0 1,0 0,0 0,0 1,0 1][0 0,0 0,0 0,0 0,0 0,0 0].txt
[1 1,1 1,0 1,0 1,1 0,1 0][1 1,1 1,0 1,0 1,1 0,1 0][0 1,0 1,1 0,1 0,1 0,1 0][0 1,0 1,1 0,1 0,1 0,1 0][0 1,0 1,0 0,0 0,0 1,0 1][0 0,0 0,0 1,0 1,0 1,0 1].txt
[1 1,1 1,0 1,0 1,1 0,1 0][1 1,1 1,0 1,0 1,1 0,1 0][0 1,1 0,0 0,0 0,0 0,1 0][0 1,1 0,0 0,0 0,0 0,1 0][0 1,0 0,0 0,0 0,0 1,0 0][0 0,0 0,0 0,0 0,0 0,0 0].txt
[1 1,1 1,0 1,0 1,1 0,1 0][1 1,1 1,0 1,0 1,1 0,1 0][0 1,1 0,0 1,0 1,0 0,1 0][0 1,1 0,0 1,0 1,0 0,1 0][0 1,0 0,0 0,0 0,0 1,0 0][0 0,0 0,0 0,0 0,0 0,0 0].txt
[1 1,1 1,0 1,0 1,1 0,1 0][1 1,1 1,0 1,0 1,1 0,1 0][1 0,1 0,0 0,0 0,1 0,1 0][1 0,1 0,0 0,0 0,1 0,1 0][0 0,0 0,0 0,0 0,0 0,0 0][0 0,0 0,0 0,0 0,0 0,0 0].txt
[1 1,1 1,0 1,0 1,1 0,1 0][1 1,1 1,0 1,0 1,1 0,1 0][1 0,1 0,0 0,0 0,1 0,1 0][1 0,1 0,0 0,0 0,1 0,1 0][0 0,0 0,0 1,0 1,0 1,0 1][0 0,0 0,0 1,0 1,0 1,0 1].txt
[1 1,1 1,0 1,0 1,1 0,1 0][1 1,1 1,0 1,0 1,1 0,1 0][1 0,1 0,0 0,0 1,0 1,0 1][1 0,1 0,0 0,0 1,0 1,0 1][0 0,0 0,0 1,0 0,1 0,1 0][0 0,0 0,0 1,0 0,1 0,1 0].txt
[1 1,1 1,0 1,0 1,1 0,1 0][1 1,1 1,0 1,0 1,1 0,1 0][1 0,1 0,0 1,0 1,1 0,1 0][1 0,1 0,0 1,0 1,1 0,1 0][0 0,0 0,0 0,0 0,0 0,0 0][0 0,0 0,0 0,0 0,0 0,0 0].txt
[1 1,1 1,0 1,0 1,1 0,1 0][1 1,1 1,0 1,0 1,1 0,1 0][1 0,1 0,0 1,0 1,1 0,1 0][1 0,1 0,0 1,0 1,1 0,1 0][0 0,0 0,0 0,0 0,0 1,0 1][0 0,0 0,0 0,0 0,0 1,0 1].txt
[1 1,1 1,0 1,0 1,1 0,1 0][1 1,1 1,0 1,0 1,1 0,1 0][1 0,1 0,0 1,0 1,1 0,1 0][1 0,1 0,0 1,0 1,1 0,1 0][0 1,0 1,0 0,0 0,0 1,0 1][0 1,0 1,0 0,0 0,0 1,0 1].txt
[1 1,1 1,0 1,0 1,1 0,1 0][1 1,1 1,0 1,0 1,1 0,1 0][1 0,1 0,1 0,1 0,0 1,0 1][1 0,1 0,1 0,1 0,0 1,0 1][0 0,0 0,0 1,0 1,0 1,0 1][0 0,0 0,0 0,0 0,0 0,0 0].txt
[1 1,1 1,0 1,0 1,1 0,1 0][1 1,1 1,0 1,0 1,1 0,1 0][1 1,1 1,0 0,0 1,0 0,0 0][1 1,1 1,0 0,0 1,0 0,0 0][0 1,0 1,0 1,0 0,1 0,1 0][0 1,0 1,0 1,0 0,1 0,1 0].txt
[1 1,1 1,0 1,0 1,1 0,1 0][1 1,1 1,0 1,0 1,1 0,1 0][1 1,1 1,0 1,0 0,0 0,0 0][1 1,1 1,0 1,0 0,0 0,0 0][0 0,0 0,0 0,0 0,0 1,0 1][0 0,0 0,0 0,0 0,0 0,0 0].txt
[1 1,1 1,0 1,0 1,1 0,1 0][1 1,1 1,0 1,0 1,1 0,1 0][1 1,1 1,0 1,0 1,1 0,1 0][1 1,1 1,0 1,0 1,1 0,1 0][0 0,0 0,0 0,0 0,0 0,0 0][0 0,0 0,0 0,0 0,0 0,0 0].txt
[1 1,1 1,0 1,0 1,1 0,1 0][1 1,1 1,0 1,0 1,1 0,1 0][1 1,1 1,0 1,0 1,1 0,1 0][1 1,1 1,0 1,0 1,1 0,1 0][0 1,0 1,0 0,0 0,0 1,0 1][0 1,0 1,0 0,0 0,0 1,0 1].txt
[1 1,1 1,0 1,0 1,1 1,1 1][1 1,1 1,0 1,0 1,1 1,1 1][1 1,1 1,1 1,1 1,0 1,0 1][1 1,1 1,1 1,1 1,0 1,0 1][0 1,0 1,0 1,0 1,0 0,0 0][0 1,0 1,0 0,0 0,0 1,0 1].txt
[1 1,1 1,0 1,1 0,1 0,0 1][1 0,1 0,0 1,1 0,1 0,0 1][1 1,1 1,0 1,0 1,0 1,0 0][1 0,1 0,0 1,0 0,0 0,0 0][0 0,0 0,0 0,0 1,0 1,0 0][0 0,0 0,0 0,0 1,0 1,0 0].txt
[1 1,1 1,0 1,1 0,1 0,0 1][1 1,1 1,0 1,1 0,1 0,0 1][0 1,0 1,0 1,1 0,1 0,0 0][0 1,0 1,0 1,1 0,1 0,0 0][0 1,0 1,0 0,0 1,0 1,0 0][0 0,0 0,0 0,0 1,0 1,0 0].txt
[1 1,1 1,0 1,1 0,1 0,0 1][1 1,1 1,0 1,1 0,1 0,0 1][1 0,1 0,0 1,0 1,0 1,0 0][1 0,1 0,0 1,0 1,0 1,0 0][0 0,0 0,0 0,0 1,0 1,0 0][0 0,0 0,0 0,0 0,0 0,0 0].txt
[1 1,1 1,0 1,1 0,1 0,0 1][1 1,1 1,0 1,1 0,1 0,0 1][1 1,1 1,0 1,0 1,0 1,0 0][1 1,1 1,0 1,0 1,0 1,0 0][0 1,0 1,0 0,0 1,0 1,0 0][0 1,0 1,0 0,0 0,0 0,0 0].txt
[1 1,1 1,1 0,0 0,0 0,1 0][1 1,1 1,1 0,0 0,0 0,1 0][0 1,0 0,0 1,0 0,0 0,0 0][0 0,1 0,0 1,0 1,0 1,1 0][0 0,1 0,0 1,0 1,0 1,1 0][0 0,0 0,0 0,0 0,0 0,0 0].txt
[1 1,1 1,1 0,0 0,0 0,1 0][1 1,1 1,1 0,0 0,0 0,1 0][0 1,1 0,1 0,0 1,0 1,0 0][0 1,1 0,1 0,0 1,0 1,0 0][0 1,0 1,0 1,0 0,0 0,0 1][0 0,0 1,0 1,0 0,0 0,0 0].txt
[1 1,1 1,1 0,0 0,0 0,1 0][1 1,1 1,1 0,0 0,0 0,1 0][1 1,0 1,1 1,0 1,0 1,0 0][1 1,0 1,1 1,0 1,0 1,0 0][0 0,0 1,0 0,0 0,0 0,0 1][0 0,0 0,0 0,0 0,0 0,0 0].txt
[1 1,1 1,1 0,0 1,0 1,1 0][1 1,1 1,1 0,0 1,0 1,1 0][0 1,0 1,0 1,0 0,0 0,0 1][0 1,0 0,0 1,0 0,0 0,0 0][0 1,0 0,0 1,0 0,0 0,0 0][0 0,0 0,0 0,0 0,0 0,0 0].txt
[1 1,1 1,1 0,0 1,0 1,1 0][1 1,1 1,1 0,0 1,0 1,1 0][1 1,0 0,1 1,0 1,0 1,0 1][1 1,0 0,1 1,0 1,0 1,0 1][0 0,0 1,0 0,0 0,0 0,0 1][0 0,0 0,0 0,0 0,0 0,0 0].txt
[1 1,1 1,1 0,1 0,0 0,0 0][1 0,1 0,1 0,1 0,0 0,0 0][1 1,1 1,0 0,0 0,0 1,0 0][1 0,1 0,0 1,0 1,0 1,0 0][0 0,0 0,0 1,0 1,0 0,0 0][0 0,0 0,0 1,0 1,0 0,0 0].txt
[1 1,1 1,1 0,1 0,0 0,0 0][1 1,1 1,0 1,0 1,0 1,0 0][1 0,1 0,1 0,1 0,0 0,0 0][1 0,1 0,0 0,0 0,0 1,0 0][0 1,0 1,0 1,0 1,0 0,0 0][0 1,0 1,0 1,0 1,0 0,0 0].txt
[1 1,1 1,1 0,1 0,0 0,0 0][1 1,1 1,1 0,1 0,0 0,0 0][0 0,0 1,0 0,0 1,0 0,0 0][0 1,0 0,0 1,0 0,0 0,0 0][0 0,0 0,0 0,0 0,0 0,0 0][0 0,0 0,0 0,0 0,0 0,0 0].txt
[1 1,1 1,1 0,1 0,0 0,0 0][1 1,1 1,1 0,1 0,0 0,0 0][0 0,1 0,0 1,1 0,0 0,0 0][1 0,0 0,1 0,0 1,0 0,0 0][1 0,0 0,1 0,0 1,0 0,0 0][0 0,1 0,0 1,1 0,0 0,0 0].txt
[1 1,1 1,1 0,1 0,0 0,0 0][1 1,1 1,1 0,1 0,0 0,0 0][0 1,0 0,0 1,0 0,0 0,0 0][0 0,1 0,0 1,1 0,0 0,0 0][0 0,1 0,0 1,1 0,0 0,0 0][0 0,0 0,0 0,0 0,0 0,0 0].txt
[1 1,1 1,1 0,1 0,0 0,0 0][1 1,1 1,1 0,1 0,0 0,0 0][0 1,0 1,0 0,0 0,0 0,0 0][0 0,0 0,0 1,0 1,0 0,0 0][0 0,0 0,0 0,0 0,0 0,0 0][0 0,0 0,0 0,0 0,0 0,0 0].txt
[1 1,1 1,1 0,1 0,0 0,0 0][1 1,1 1,1 0,1 0,0 0,0 0][0 1,0 1,0 0,0 0,0 0,0 0][0 0,0 0,1 1,1 1,0 1,0 0][0 0,0 0,1 1,1 1,0 1,0 0][0 0,0 0,0 0,0 0,0 0,0 0].txt
[1 1,1 1,1 0,1 0,0 0,0 0][1 1,1 1,1 0,1 0,0 0,0 0][0 1,0 1,0 0,0 0,0 1,0 1][0 0,0 0,1 1,1 1,1 0,1 0][0 0,0 0,1 1,1 1,1 0,1 0][0 0,0 0,0 0,0 0,0 0,0 0].txt
[1 1,1 1,1 0,1 0,0 0,0 0][1 1,1 1,1 0,1 0,0 0,0 0][0 1,0 1,0 1,0 1,0 0,0 0][0 0,0 0,0 0,0 0,0 0,0 0][0 0,0 0,0 0,0 0,0 0,0 0][0 0,0 0,0 0,0 0,0 0,0 0].txt
[1 1,1 1,1 0,1 0,0 0,0 0][1 1,1 1,1 0,1 0,0 0,0 0][0 1,0 1,0 1,0 1,0 0,0 0][0 0,0 0,0 1,0 1,0 0,0 0][0 0,0 0,0 1,0 1,0 0,0 0][0 0,0 0,0 0,0 0,0 0,0 0].txt
[1 1,1 1,1 0,1 0,0 0,0 0][1 1,1 1,1 0,1 0,0 0,0 0][0 1,0 1,0 1,0 1,0 0,0 0][0 0,0 0,0 1,0 1,0 1,0 1][0 0,0 0,0 1,0 1,0 1,0 1][0 0,0 0,0 0,0 0,0 0,0 0].txt
[1 1,1 1,1 0,1 0,0 0,0 0][1 1,1 1,1 0,1 0,0 0,0 0][0 1,0 1,0 1,0 1,0 0,0 0][0 0,0 0,1 0,1 0,0 1,0 0][0 0,0 0,1 0,1 0,0 1,0 0][0 0,0 0,0 1,0 1,0 0,0 0].txt
[1 1,1 1,1 0,1 0,0 0,0 0][1 1,1 1,1 0,1 0,0 0,0 0][0 1,0 1,0 1,0 1,0 0,0 0][0 0,0 0,1 0,1 0,1 0,1 0][0 0,0 0,1 0,1 0,1 0,1 0][0 0,0 0,0 1,0 1,0 1,0 1].txt
[1 1,1 1,1 0,1 0,0 0,0 0][1 1,1 1,1 0,1 0,0 0,0 0][0 1,0 1,0 1,0 1,0 0,0 0][0 1,0 0,0 1,0 0,0 0,0 0][0 1,0 0,0 1,0 0,0 0,0 0][0 0,0 0,0 0,0 0,0 0,0 0].txt
[1 1,1 1,1 0,1 0,0 0,0 0][1 1,1 1,1 0,1 0,0 0,0 0][0 1,0 1,0 1,0 1,0 0,0 0][0 1,0 1,0 0,0 0,0 0,0 0][0 1,0 1,0 0,0 0,0 0,0 0][0 0,0 0,0 0,0 0,0 0,0 0].txt
[1 1,1 1,1 0,1 0,0 0,0 0][1 1,1 1,1 0,1 0,0 0,0 0][0 1,0 1,0 1,0 1,0 0,0 0][0 1,0 1,0 1,0 1,0 0,0 0][0 0,0 1,0 0,0 1,0 0,0 0][0 1,0 0,0 1,0 0,0 0,0 0].txt
[1 1,1 1,1 0,1 0,0 0,0 0][1 1,1 1,1 0,1 0,0 0,0 0][0 1,0 1,0 1,0 1,0 0,0 0][0 1,0 1,0 1,0 1,0 0,0 0][0 1,0 1,0 0,0 0,0 1,0 1][0 0,0 0,0 1,0 1,0 1,0 1].txt
[1 1,1 1,1 0,1 0,0 0,0 0][1 1,1 1,1 0,1 0,0 0,0 0][0 1,0 1,0 1,0 1,0 0,0 0][0 1,0 1,0 1,0 1,0 0,0 0][0 1,0 1,0 1,0 1,0 0,0 0][0 0,0 0,0 0,0 0,0 0,0 0].txt
[1 1,1 1,1 0,1 0,0 0,0 0][1 1,1 1,1 0,1 0,0 0,0 0][0 1,0 1,1 1,1 1,0 1,0 0][0 1,0 1,1 1,1 1,0 1,0 0][0 1,0 1,0 1,0 1,0 0,0 0][0 0,0 0,0 1,0 1,0 0,0 0].txt
[1 1,1 1,1 0,1 0,0 0,0 0][1 1,1 1,1 0,1 0,0 0,0 0][0 1,1 0,1 0,0 0,0 0,0 0][0 1,1 0,1 0,0 0,0 0,0 0][0 1,0 1,0 1,0 1,0 0,0 0][0 0,0 1,0 1,0 0,0 0,0 0].txt
[1 1,1 1,1 0,1 0,0 0,0 0][1 1,1 1,1 0,1 0,0 0,0 0][0 1,1 1,0 0,1 1,0 0,0 0][1 1,0 1,1 1,0 0,0 0,0 0][1 1,0 1,1 1,0 0,0 0,0 0][0 1,1 1,0 0,1 1,0 0,0 0].txt
[1 1,1 1,1 0,1 0,0 0,0 0][1 1,1 1,1 0,1 0,0 0,0 0][1 0,1 0,0 1,0 1,0 1,0 0][1 0,1 0,0 1,0 1,0 1,0 0][0 1,0 1,0 1,0 1,0 0,0 0][0 1,0 1,0 0,0 0,0 0,0 0].txt
[1 1,1 1,1 0,1 0,0 0,0 0][1 1,1 1,1 0,1 0,0 0,0 0][1 0,1 0,0 1,0 1,1 0,1 0][1 0,1 0,0 1,0 1,1 0,1 0][0 1,0 1,0 1,0 1,0 0,0 0][0 1,0 1,0 0,0 0,0 1,0 1].txt
[1 1,1 1,1 0,1 0,0 0,0 0][1 1,1 1,1 0,1 0,0 0,0 0][1 0,1 0,1 0,1 0,0 0,0 0][1 0,1 0,1 0,1 0,0 0,0 0][0 0,0 0,0 0,0 0,0 0,0 0][0 0,0 0,0 0,0 0,0 0,0 0].txt
[1 1,1 1,1 0,1 0,0 0,0 0][1 1,1 1,1 0,1 0,0 0,0 0][1 0,1 0,1 0,1 0,0 0,0 0][1 0,1 0,1 0,1 0,0 0,0 0][0 0,0 0,0 1,0 1,0 0,0 0][0 0,0 0,0 1,0 1,0 0,0 0].txt
[1 1,1 1,1 0,1 0,0 0,0 0][1 1,1 1,1 0,1 0,0 0,0 0][1 0,1 0,1 0,1 0,0 0,0 0][1 0,1 0,1 0,1 0,0 0,0 0][0 1,0 1,0 0,0 0,0 0,0 0][0 1,0 1,0 0,0 0,0 0,0 0].txt
[1 1,1 1,1 0,1 0,0 0,0 0][1 1,1 1,1 0,1 0,0 0,0 0][1 0,1 0,1 0,1 0,0 0,0 0][1 0,1 0,1 0,1 0,0 0,0 0][0 1,0 1,0 1,0 1,0 0,0 0][0 1,0 1,0 1,0 1,0 0,0 0].txt
[1 1,1 1,1 0,1 0,0 0,0 0][1 1,1 1,1 0,1 0,0 0,0 0][1 0,1 0,1 0,1 0,0 1,0 1][1 0,1 0,1 0,1 0,0 1,0 1][0 1,0 1,0 1,0 1,0 0,0 0][0 1,0 1,0 1,0 1,0 0,0 0].txt
[1 1,1 1,1 0,1 0,0 0,0 0][1 1,1 1,1 0,1 0,0 0,0 0][1 1,0 1,1 1,0 0,0 0,0 0][1 1,0 1,1 1,0 0,0 0,0 0][0 0,0 1,0 0,0 1,0 0,0 0][0 0,0 0,0 0,0 0,0 0,0 0].txt
[1 1,1 1,1 0,1 0,0 0,0 0][1 1,1 1,1 0,1 0,0 0,0 0][1 1,0 1,1 1,0 0,0 0,0 0][1 1,0 1,1 1,0 0,0 0,0 0][0 1,1 0,0 0,1 0,0 0,0 0][0 1,1 0,0 0,1 0,0 0,0 0].txt
[1 1,1 1,1 0,1 0,0 0,0 0][1 1,1 1,1 0,1 0,0 0,0 0][1 1,1 1,0 0,0 0,0 1,0 0][1 1,1 1,0 0,0 0,0 1,0 0][0 0,0 0,1 1,1 1,0 1,0 0][0 0,0 0,1 1,1 1,0 1,0 0].txt
[1 1,1 1,1 0,1 0,0 0,0 0][1 1,1 1,1 0,1 0,0 0,0 0][1 1,1 1,0 1,0 1,0 1,0 0][1 1,1 1,0 1,0 1,0 1,0 0][0 0,0 0,0 1,0 1,0 0,0 0][0 0,0 0,0 0,0 0,0 0,0 0].txt
[1 1,1 1,1 0,1 0,0 0,0 0][1 1,1 1,1 0,1 0,0 0,0 0][1 1,1 1,0 1,0 1,1 0,1 0][1 1,1 1,0 1,0 1,1 0,1 0][0 0,0 0,0 1,0 1,0 1,0 1][0 0,0 0,0 0,0 0,0 0,0 0].txt
[1 1,1 1,1 0,1 0,0 0,0 0][1 1,1 1,1 0,1 0,0 0,0 0][1 1,1 1,1 0,1 0,0 0,0 0][1 1,1 1,1 0,1 0,0 0,0 0][0 0,0 0,0 0,0 0,0 0,0 0][0 0,0 0,0 0,0 0,0 0,0 0].txt
[1 1,1 1,1 0,1 0,0 0,0 0][1 1,1 1,1 0,1 0,0 0,0 0][1 1,1 1,1 0,1 0,0 0,0 0][1 1,1 1,1 0,1 0,0 0,0 0][0 1,0 1,0 1,0 1,0 0,0 0][0 1,0 1,0 1,0 1,0 0,0 0].txt
[1 1,1 1,1 0,1 0,0 1,0 1][1 1,1 1,1 0,1 0,0 1,0 1][0 1,0 1,0 1,0 1,0 0,0 0][0 0,0 0,0 1,0 1,0 0,0 0][0 0,0 0,0 1,0 1,0 0,0 0][0 0,0 0,0 0,0 0,0 0,0 0].txt
[1 1,1 1,1 0,1 0,0 1,0 1][1 1,1 1,1 0,1 0,0 1,0 1][0 1,0 1,0 1,0 1,0 0,0 0][0 1,0 1,0 1,0 1,0 0,0 0][0 1,0 1,0 1,0 1,0 0,0 0][0 0,0 0,0 0,0 0,0 0,0 0].txt
[1 1,1 1,1 0,1 0,0 1,0 1][1 1,1 1,1 0,1 0,0 1,0 1][0 1,0 1,1 1,1 1,0 1,0 0][0 1,0 1,1 1,1 1,0 1,0 0][0 1,0 1,0 0,0 0,0 0,0 0][0 0,0 0,0 0,0 0,0 0,0 0].txt
[1 1,1 1,1 0,1 0,0 1,0 1][1 1,1 1,1 0,1 0,0 1,0 1][1 1,0 0,1 1,0 1,0 0,0 0][1 1,0 0,1 1,0 1,0 0,0 0][0 0,0 1,0 0,0 1,0 0,0 0][0 0,0 0,0 0,0 0,0 0,0 0].txt
[1 1,1 1,1 1,1 1,0 0,0 0][1 0,1 0,1 0,1 0,0 0,0 0][1 0,1 0,1 1,1 1,0 0,0 0][1 1,1 1,1 0,1 0,0 0,0 0][0 0,0 0,0 0,0 0,0 0,0 0][0 0,0 0,0 0,0 0,0 0,0 0].txt
[1 1,1 1,1 1,1 1,0 0,0 0][1 0,1 0,1 0,1 0,0 0,0 0][1 0,1 0,1 1,1 1,0 0,0 0][1 1,1 1,1 0,1 0,0 0,0 0][0 1,0 1,0 1,0 1,0 0,0 0][0 1,0 1,0 1,0 1,0 0,0 0].txt
[1 1,1 1,1 1,1 1,0 0,0 0][1 0,1 0,1 1,1 1,0 1,0 1][1 1,1 1,1 0,1 0,0 1,0 1][1 0,1 0,1 0,1 0,0 0,0 0][0 0,0 0,0 0,0 0,0 0,0 0][0 0,0 0,0 0,0 0,0 0,0 0].txt
[1 1,1 1,1 1,1 1,0 0,0 0][1 1,1 1,0 0,0 0,0 1,0 0][1 0,1 0,1 1,1 1,0 0,0 0][1 0,1 0,0 1,0 1,0 1,0 0][0 1,0 1,0 0,0 0,0 0,0 0][0 1,0 1,0 0,0 0,0 0,0 0].txt
[1 1,1 1,1 1,1 1,0 0,0 0][1 1,1 1,1 0,1 0,0 0,0 0][0 1,0 1,1 0,1 0,0 1,0 0][0 1,0 1,0 1,0 1,0 0,0 0][0 1,0 1,0 1,0 1,0 0,0 0][0 0,0 0,1 1,1 1,0 1,0 0].txt
[1 1,1 1,1 1,1 1,0 0,0 0][1 1,1 1,1 0,1 0,0 0,0 0][0 1,0 1,1 1,1 1,0 1,0 0][0 0,0 0,1 0,1 0,0 1,0 0][0 0,0 0,0 0,0 0,0 0,0 0][0 0,0 0,0 0,0 0,0 0,0 0].txt
[1 1,1 1,1 1,1 1,0 0,0 0][1 1,1 1,1 0,1 0,0 0,0 0][0 1,0 1,1 1,1 1,0 1,0 0][0 1,0 1,0 0,0 0,0 0,0 0][0 1,0 1,0 0,0 0,0 0,0 0][0 0,0 0,1 0,1 0,0 1,0 0].txt
[1 1,1 1,1 1,1 1,0 0,0 0][1 1,1 1,1 0,1 0,0 1,0 1][0 1,0 1,1 0,1 0,1 0,1 0][0 0,0 0,1 1,1 1,1 0,1 0][0 0,0 0,0 0,0 0,0 0,0 0][0 0,0 0,0 0,0 0,0 0,0 0].txt
[1 1,1 1,1 1,1 1,0 0,0 0][1 1,1 1,1 1,1 1,0 0,0 0][0 0,0 0,0 1,0 1,0 0,0 0][0 1,0 1,0 0,0 0,0 0,0 0][0 0,0 0,0 0,0 0,0 0,0 0][0 0,0 0,0 0,0 0,0 0,0 0].txt
[1 1,1 1,1 1,1 1,0 0,0 0][1 1,1 1,1 1,1 1,0 0,0 0][0 0,0 0,0 1,0 1,0 1,0 1][0 1,0 1,0 0,0 0,0 1,0 1][0 0,0 0,0 0,0 0,0 0,0 0][0 0,0 0,0 0,0 0,0 0,0 0].txt
[1 1,1 1,1 1,1 1,0 0,0 0][1 1,1 1,1 1,1 1,0 0,0 0][0 1,0 1,0 1,0 1,0 0,0 0][0 0,0 0,0 0,0 0,0 0,0 0][0 0,0 0,0 0,0 0,0 0,0 0][0 0,0 0,0 0,0 0,0 0,0 0].txt
[1 1,1 1,1 1,1 1,0 0,0 0][1 1,1 1,1 1,1 1,0 0,0 0][0 1,0 1,0 1,0 1,0 0,0 0][0 1,0 1,0 0,0 0,0 0,0 0][0 1,0 1,0 0,0 0,0 0,0 0][0 0,0 0,0 0,0 0,0 0,0 0].txt
[1 1,1 1,1 1,1 1,0 0,0 0][1 1,1 1,1 1,1 1,0 0,0 0][0 1,0 1,0 1,0 1,0 0,0 0][0 1,0 1,0 0,0 0,0 1,0 1][0 1,0 1,0 0,0 0,0 1,0 1][0 0,0 0,0 0,0 0,0 0,0 0].txt
[1 1,1 1,1 1,1 1,0 0,0 0][1 1,1 1,1 1,1 1,0 0,0 0][0 1,0 1,0 1,0 1,0 0,0 0][0 1,0 1,0 1,0 1,0 0,0 0][0 0,0 0,0 1,0 1,0 1,0 1][0 1,0 1,0 0,0 0,0 1,0 1].txt
[1 1,1 1,1 1,1 1,0 0,0 0][1 1,1 1,1 1,1 1,0 0,0 0][0 1,0 1,0 1,0 1,0 0,0 0][0 1,0 1,0 1,0 1,0 0,0 0][0 1,0 1,0 1,0 1,0 0,0 0][0 0,0 0,0 0,0 0,0 0,0 0].txt
[1 1,1 1,1 1,1 1,0 0,0 0][1 1,1 1,1 1,1 1,0 0,0 0][0 1,0 1,1 0,1 0,0 1,0 0][0 1,0 1,1 0,1 0,0 1,0 0][0 1,0 1,0 0,0 0,0 0,0 0][0 0,0 0,0 0,0 0,0 0,0 0].txt
[1 1,1 1,1 1,1 1,0 0,0 0][1 1,1 1,1 1,1 1,0 0,0 0][1 0,1 0,0 0,0 0,0 1,0 0][1 0,1 0,0 0,0 0,0 1,0 0][0 1,0 1,0 1,0 1,0 0,0 0][0 1,0 1,0 0,0 0,0 0,0 0].txt
[1 1,1 1,1 1,1 1,0 0,0 0][1 1,1 1,1 1,1 1,0 0,0 0][1 0,1 0,0 0,0 0,0 1,0 0][1 0,1 0,0 0,0 0,0 1,0 0][0 1,0 1,1 0,1 0,0 1,0 0][0 1,0 1,1 0,1 0,0 1,0 0].txt
[1 1,1 1,1 1,1 1,0 0,0 0][1 1,1 1,1 1,1 1,0 0,0 0][1 0,1 0,1 0,1 0,0 0,0 0][1 0,1 0,1 0,1 0,0 0,0 0][0 0,0 0,0 0,0 0,0 0,0 0][0 0,0 0,0 0,0 0,0 0,0 0].txt
[1 1,1 1,1 1,1 1,0 0,0 0][1 1,1 1,1 1,1 1,0 0,0 0][1 0,1 0,1 0,1 0,0 0,0 0][1 0,1 0,1 0,1 0,0 0,0 0][0 1,0 1,0 1,0 1,0 0,0 0][0 1,0 1,0 1,0 1,0 0,0 0].txt
[1 1,1 1,1 1,1 1,0 0,0 0][1 1,1 1,1 1,1 1,0 0,0 0][1 1,1 1,0 0,0 0,0 1,0 0][1 1,1 1,0 0,0 0,0 1,0 0][0 0,0 0,0 1,0 1,0 0,0 0][0 0,0 0,0 0,0 0,0 0,0 0].txt
[1 1,1 1,1 1,1 1,0 0,0 0][1 1,1 1,1 1,1 1,0 0,0 0][1 1,1 1,0 0,0 0,0 1,0 0][1 1,1 1,0 0,0 0,0 1,0 0][0 1,0 1,1 1,1 1,0 1,0 0][0 1,0 1,1 1,1 1,0 1,0 0].txt
[1 1,1 1,1 1,1 1,0 0,0 0][1 1,1 1,1 1,1 1,0 0,0 0][1 1,1 1,0 1,0 1,0 1,0 0][1 1,1 1,0 1,0 1,0 1,0 0][0 1,0 1,0 1,0 1,0 0,0 0][0 1,0 1,0 0,0 0,0 0,0 0].txt
[1 1,1 1,1 1,1 1,0 0,0 0][1 1,1 1,1 1,1 1,0 0,0 0][1 1,1 1,0 1,0 1,1 1,1 1][1 1,1 1,0 1,0 1,1 1,1 1][0 0,0 0,0 1,0 1,0 1,0 1][0 0,0 0,0 0,0 0,0 0,0 0].txt
[1 1,1 1,1 1,1 1,0 0,0 0][1 1,1 1,1 1,1 1,0 0,0 0][1 1,1 1,1 0,1 0,0 0,0 0][1 1,1 1,1 0,1 0,0 0,0 0][0 0,0 0,0 0,0 0,0 0,0 0][0 0,0 0,0 0,0 0,0 0,0 0].txt
[1 1,1 1,1 1,1 1,0 0,0 0][1 1,1 1,1 1,1 1,0 0,0 0][1 1,1 1,1 0,1 0,0 0,0 0][1 1,1 1,1 0,1 0,0 0,0 0][0 0,0 0,0 1,0 1,0 0,0 0][0 0,0 0,0 1,0 1,0 0,0 0].txt
[1 1,1 1,1 1,1 1,0 0,0 0][1 1,1 1,1 1,1 1,0 0,0 0][1 1,1 1,1 0,1 0,0 0,0 0][1 1,1 1,1 0,1 0,0 0,0 0][0 1,0 1,0 0,0 0,0 0,0 0][0 1,0 1,0 0,0 0,0 0,0 0].txt
[1 1,1 1,1 1,1 1,0 0,0 0][1 1,1 1,1 1,1 1,0 0,0 0][1 1,1 1,1 0,1 0,0 0,0 0][1 1,1 1,1 0,1 0,0 0,0 0][0 1,0 1,0 1,0 1,0 0,0 0][0 1,0 1,0 1,0 1,0 0,0 0].txt
[1 1,1 1,1 1,1 1,0 0,0 0][1 1,1 1,1 1,1 1,0 0,0 0][1 1,1 1,1 0,1 0,0 1,0 1][1 1,1 1,1 0,1 0,0 1,0 1][0 0,0 0,0 0,0 0,0 0,0 0][0 0,0 0,0 0,0 0,0 0,0 0].txt
[1 1,1 1,1 1,1 1,0 0,0 0][1 1,1 1,1 1,1 1,0 0,0 0][1 1,1 1,1 1,1 1,0 0,0 0][1 1,1 1,1 1,1 1,0 0,0 0][0 0,0 0,0 0,0 0,0 0,0 0][0 0,0 0,0 0,0 0,0 0,0 0].txt
[1 1,1 1,1 1,1 1,0 0,0 0][1 1,1 1,1 1,1 1,0 0,0 0][1 1,1 1,1 1,1 1,0 0,0 0][1 1,1 1,1 1,1 1,0 0,0 0][0 1,0 1,0 1,0 1,0 0,0 0][0 1,0 1,0 1,0 1,0 0,0 0].txt
[1 1,1 1,1 1,1 1,0 1,0 1][1 0,1 0,1 0,1 0,0 1,0 1][1 0,1 0,1 1,1 1,0 1,0 1][1 1,1 1,1 0,1 0,0 1,0 1][0 0,0 0,0 0,0 0,0 0,0 0][0 0,0 0,0 0,0 0,0 0,0 0].txt
[1 1,1 1,1 1,1 1,0 1,0 1][1 0,1 0,1 1,1 1,0 0,0 0][1 1,1 1,0 0,0 0,1 0,1 0][1 0,1 0,0 1,0 1,1 0,1 0][0 1,0 1,0 0,0 0,0 1,0 1][0 1,0 1,0 0,0 0,0 1,0 1].txt
[1 1,1 1,1 1,1 1,0 1,0 1][1 0,1 0,1 1,1 1,0 0,0 0][1 1,1 1,1 0,1 0,0 0,0 0][1 0,1 0,1 0,1 0,0 1,0 1][0 0,0 0,0 0,0 0,0 0,0 0][0 0,0 0,0 0,0 0,0 0,0 0].txt
[1 1,1 1,1 1,1 1,0 1,0 1][1 1,1 1,1 0,1 0,0 0,0 0][0 1,0 1,1 1,1 1,1 0,1 0][0 0,0 0,1 0,1 0,1 0,1 0][0 0,0 0,0 0,0 0,0 0,0 0][0 0,0 0,0 0,0 0,0 0,0 0].txt
[1 1,1 1,1 1,1 1,0 1,0 1][1 1,1 1,1 0,1 0,0 1,0 1][0 1,0 1,1 0,1 0,0 1,0 0][0 0,0 0,1 1,1 1,0 1,0 0][0 0,0 0,0 0,0 0,0 0,0 0][0 0,0 0,0 0,0 0,0 0,0 0].txt
[1 1,1 1,1 1,1 1,0 1,0 1][1 1,1 1,1 1,1 1,0 1,0 1][0 0,0 0,0 1,0 1,0 0,0 0][0 1,0 1,0 0,0 0,0 0,0 0][0 0,0 0,0 0,0 0,0 0,0 0][0 0,0 0,0 0,0 0,0 0,0 0].txt
[1 1,1 1,1 1,1 1,0 1,0 1][1 1,1 1,1 1,1 1,0 1,0 1][0 0,0 0,1 0,1 0,0 0,0 1][1 0,1 0,0 0,0 0,0 1,0 0][1 0,1 0,0 0,0 0,0 1,0 0][0 0,0 0,1 0,1 0,0 0,0 1].txt
[1 1,1 1,1 1,1 1,0 1,0 1][1 1,1 1,1 1,1 1,0 1,0 1][0 1,0 1,0 0,0 0,0 0,0 0][0 0,0 0,1 0,1 0,0 1,0 0][0 0,0 0,1 0,1 0,0 1,0 0][0 0,0 0,0 0,0 0,0 0,0 0].txt
[1 1,1 1,1 1,1 1,0 1,0 1][1 1,1 1,1 1,1 1,0 1,0 1][0 1,0 1,0 1,0 1,0 0,0 0][0 0,0 0,0 0,0 0,0 0,0 0][0 0,0 0,0 0,0 0,0 0,0 0][0 0,0 0,0 0,0 0,0 0,0 0].txt
[1 1,1 1,1 1,1 1,0 1,0 1][1 1,1 1,1 1,1 1,0 1,0 1][0 1,0 1,0 1,0 1,0 0,0 0][0 1,0 1,0 0,0 0,0 0,0 0][0 1,0 1,0 0,0 0,0 0,0 0][0 0,0 0,0 0,0 0,0 0,0 0].txt
[1 1,1 1,1 1,1 1,0 1,0 1][1 1,1 1,1 1,1 1,0 1,0 1][0 1,0 1,0 1,0 1,0 0,0 0][0 1,0 1,0 0,0 0,0 1,0 1][0 1,0 1,0 0,0 0,0 1,0 1][0 0,0 0,0 0,0 0,0 0,0 0].txt
[1 1,1 1,1 1,1 1,0 1,0 1][1 1,1 1,1 1,1 1,0 1,0 1][0 1,0 1,0 1,0 1,0 0,0 0][0 1,0 1,0 1,0 1,0 0,0 0][0 0,0 0,0 1,0 1,0 0,0 0][0 1,0 1,0 0,0 0,0 0,0 0].txt
[1 1,1 1,1 1,1 1,0 1,0 1][1 1,1 1,1 1,1 1,0 1,0 1][0 1,0 1,0 1,0 1,0 0,0 0][0 1,0 1,0 1,0 1,0 0,0 0][0 1,0 1,0 1,0 1,0 0,0 0][0 0,0 0,0 0,0 0,0 0,0 0].txt
[1 1,1 1,1 1,1 1,0 1,0 1][1 1,1 1,1 1,1 1,0 1,0 1][0 1,0 1,1 0,1 0,0 1,0 0][0 1,0 1,1 0,1 0,0 1,0 0][0 1,0 1,0 1,0 1,0 0,0 0][0 0,0 0,0 1,0 1,0 0,0 0].txt
[1 1,1 1,1 1,1 1,0 1,0 1][1 1,1 1,1 1,1 1,0 1,0 1][0 1,0 1,1 0,1 0,1 0,1 0][0 1,0 1,1 0,1 0,1 0,1 0][0 1,0 1,0 0,0 0,0 1,0 1][0 0,0 0,0 0,0 0,0 0,0 0].txt
[1 1,1 1,1 1,1 1,0 1,0 1][1 1,1 1,1 1,1 1,0 1,0 1][0 1,0 1,1 1,1 1,0 0,0 1][1 1,1 1,0 1,0 1,0 1,0 0][1 1,1 1,0 1,0 1,0 1,0 0][0 1,0 1,1 1,1 1,0 0,0 1].txt
[1 1,1 1,1 1,1 1,0 1,0 1][1 1,1 1,1 1,1 1,0 1,0 1][1 0,1 0,0 0,0 0,1 0,1 0][1 0,1 0,0 0,0 0,1 0,1 0][0 1,0 1,0 1,0 1,0 0,0 0][0 1,0 1,0 0,0 0,0 1,0 1].txt
[1 1,1 1,1 1,1 1,0 1,0 1][1 1,1 1,1 1,1 1,0 1,0 1][1 0,1 0,1 0,1 0,0 1,0 1][1 0,1 0,1 0,1 0,0 1,0 1][0 0,0 0,0 0,0 0,0 0,0 0][0 0,0 0,0 0,0 0,0 0,0 0].txt
[1 1,1 1,1 1,1 1,0 1,0 1][1 1,1 1,1 1,1 1,0 1,0 1][1 0,1 0,1 0,1 0,0 1,0 1][1 0,1 0,1 0,1 0,0 1,0 1][0 1,0 1,0 1,0 1,0 0,0 0][0 1,0 1,0 1,0 1,0 0,0 0].txt
[1 1,1 1,1 1,1 1,0 1,0 1][1 1,1 1,1 1,1 1,0 1,0 1][1 1,1 1,0 0,0 0,0 1,0 0][1 1,1 1,0 0,0 0,0 1,0 0][0 1,0 1,0 1,0 1,0 0,0 0][0 1,0 1,0 0,0 0,0 0,0 0].txt
[1 1,1 1,1 1,1 1,0 1,0 1][1 1,1 1,1 1,1 1,0 1,0 1][1 1,1 1,0 1,0 1,0 1,0 0][1 1,1 1,0 1,0 1,0 1,0 0][0 0,0 0,0 1,0 1,0 0,0 0][0 0,0 0,0 0,0 0,0 0,0 0].txt
[1 1,1 1,1 1,1 1,0 1,0 1][1 1,1 1,1 1,1 1,0 1,0 1][1 1,1 1,1 0,1 0,0 0,0 0][1 1,1 1,1 0,1 0,0 0,0 0][0 0,0 0,0 0,0 0,0 0,0 0][0 0,0 0,0 0,0 0,0 0,0 0].txt
[1 1,1 1,1 1,1 1,0 1,0 1][1 1,1 1,1 1,1 1,0 1,0 1][1 1,1 1,1 0,1 0,0 0,0 0][1 1,1 1,1 0,1 0,0 0,0 0][0 1,0 1,0 0,0 0,0 1,0 1][0 1,0 1,0 0,0 0,0 1,0 1].txt
[1 1,1 1,1 1,1 1,0 1,0 1][1 1,1 1,1 1,1 1,0 1,0 1][1 1,1 1,1 0,1 0,0 0,0 0][1 1,1 1,1 0,1 0,0 0,0 0][0 1,0 1,0 1,0 1,0 0,0 0][0 1,0 1,0 1,0 1,0 0,0 0].txt
[1 1,1 1,1 1,1 1,0 1,0 1][1 1,1 1,1 1,1 1,0 1,0 1][1 1,1 1,1 0,1 0,0 1,0 1][1 1,1 1,1 0,1 0,0 1,0 1][0 0,0 0,0 0,0 0,0 0,0 0][0 0,0 0,0 0,0 0,0 0,0 0].txt
[1 1,1 1,1 1,1 1,0 1,0 1][1 1,1 1,1 1,1 1,0 1,0 1][1 1,1 1,1 0,1 0,0 1,0 1][1 1,1 1,1 0,1 0,0 1,0 1][0 1,0 1,0 0,0 0,0 0,0 0][0 1,0 1,0 0,0 0,0 0,0 0].txt
[1 1,1 1,1 1,1 1,0 1,0 1][1 1,1 1,1 1,1 1,0 1,0 1][1 1,1 1,1 1,1 1,0 1,0 1][1 1,1 1,1 1,1 1,0 1,0 1][0 0,0 0,0 0,0 0,0 0,0 0][0 0,0 0,0 0,0 0,0 0,0 0].txt
[1 1,1 1,1 1,1 1,0 1,0 1][1 1,1 1,1 1,1 1,0 1,0 1][1 1,1 1,1 1,1 1,0 1,0 1][1 1,1 1,1 1,1 1,0 1,0 1][0 1,0 1,0 1,0 1,0 0,0 0][0 1,0 1,0 1,0 1,0 0,0 0].txt
