5
e
5
d
1
c
1
d
0
c
0
d
0
9
9
c
9
d
9
a
9
b
6
e
6
d
2
c
2
d
0
a
0
b
6
9
6
a
5
9
5
a
2
9
1
9
2
a
2
b
1
a
1
b
0
5
5
5
1
5
c
9
c
a
c
b
c
6
c
7
c
8
0
6
a
c
a
d
a
a
a
b
7
e
7
d
3
c
3
d
0
7
0
8
7
9
7
a
5
6
5
7
3
9
1
6
3
a
3
b
1
7
1
8
a
5
a
6
9
5
9
6
7
5
3
5
6
5
2
5
7
6
7
7
6
6
6
7
3
6
2
6
3
7
3
8
2
7
2
8
0
0
5
0
1
0
9
0
6
0
2
0
e
5
e
6
e
7
e
8
e
1
e
2
e
3
e
4
0
1
5
1
1
1
d
9
d
a
d
b
d
6
d
7
d
8
0
2
b
c
b
d
b
a
b
b
8
e
8
d
4
c
4
d
0
3
0
4
8
9
8
a
5
2
5
3
4
9
1
2
4
a
4
b
1
3
1
4
b
5
b
6
9
1
9
2
8
5
4
5
6
1
2
1
8
6
8
7
6
2
6
3
4
6
2
2
4
7
4
8
2
3
2
4
d
0
d
1
c
0
c
1
b
0
8
0
4
0
a
0
7
0
3
0
b
1
b
2
a
1
a
2
8
1
4
1
7
1
3
1
8
2
8
3
7
2
7
3
4
2
3
2
4
3
4
4
3
3
3
4
